 No Virtual Collision Weighted Delta Tracking Two Group Reflected Slab

 Initial multiplication factor: 0.999529

 Gen   Keff     Entropy
 ----------------------
    1  1.00486  7.64371
    2  1.00589  7.63736
    3  1.00750  7.63491
    4  1.00884  7.63388
    5  1.00855  7.63355
 --------------------------------------------------
 Gen   Keff     Entropy | Kavg     STD      FOM    
 --------------------------------------------------
    6  1.00916  7.63370
    7  1.00893  7.63344 | 1.00904  0.00012  35828489
    8  1.00944  7.63339 | 1.00918  0.00015  15322908
    9  1.01023  7.63328 | 1.00944  0.00028  3239043
   10  1.01084  7.63310 | 1.00972  0.00036  1654107
   11  1.00969  7.63308 | 1.00971  0.00029  1870249
   12  1.00998  7.63312 | 1.00975  0.00025  2240486
   13  1.00979  7.63322 | 1.00976  0.00022  2654890
   14  1.01042  7.63326 | 1.00983  0.00020  2683896
   15  1.00994  7.63381 | 1.00984  0.00018  3038405
   16  1.00812  7.63311 | 1.00968  0.00023  1774330
   17  1.00953  7.63308 | 1.00967  0.00021  1958330
   18  1.01045  7.63333 | 1.00973  0.00020  1960543
   19  1.00953  7.63316 | 1.00972  0.00019  2124078
   20  1.00958  7.63305 | 1.00971  0.00017  2148862
   21  1.00970  7.63330 | 1.00971  0.00016  2308907
   22  1.00910  7.63337 | 1.00967  0.00016  2350933
   23  1.00947  7.63327 | 1.00966  0.00015  2480717
   24  1.01005  7.63296 | 1.00968  0.00014  2588652
   25  1.00887  7.63340 | 1.00964  0.00014  2524806
   26  1.00985  7.63302 | 1.00965  0.00013  2657849
   27  1.00760  7.63343 | 1.00956  0.00016  1827159
   28  1.00902  7.63315 | 1.00953  0.00015  1878681
   29  1.00861  7.63321 | 1.00950  0.00015  1845415
   30  1.00966  7.63292 | 1.00950  0.00015  1929325
   31  1.00949  7.63295 | 1.00950  0.00014  2018082
   32  1.01031  7.63306 | 1.00953  0.00014  2008590
   33  1.01017  7.63313 | 1.00955  0.00013  2032031
   34  1.00956  7.63339 | 1.00955  0.00013  2113713
   35  1.01083  7.63326 | 1.00960  0.00013  1970025
   36  1.00899  7.63280 | 1.00958  0.00013  1996949
   37  1.00950  7.63328 | 1.00957  0.00013  2067957
   38  1.00835  7.63288 | 1.00954  0.00013  1943407
   39  1.01073  7.63333 | 1.00957  0.00013  1855699
   40  1.00965  7.63324 | 1.00958  0.00012  1910048
   41  1.00960  7.63335 | 1.00958  0.00012  1969777
   42  1.00979  7.63299 | 1.00958  0.00012  2025721
   43  1.01028  7.63311 | 1.00960  0.00012  2033808
   44  1.00944  7.63311 | 1.00960  0.00011  2091460
   45  1.00892  7.63304 | 1.00958  0.00011  2101216
   46  1.00926  7.63312 | 1.00957  0.00011  2147945
   47  1.00956  7.63342 | 1.00957  0.00011  2204840
   48  1.00952  7.63339 | 1.00957  0.00010  2262535
   49  1.00968  7.63315 | 1.00957  0.00010  2318666
   50  1.01024  7.63321 | 1.00959  0.00010  2313177
   51  1.00943  7.63341 | 1.00958  0.00010  2354364
   52  1.00982  7.63352 | 1.00959  0.00010  2404391
   53  1.00916  7.63338 | 1.00958  0.00009  2438270
   54  1.00933  7.63290 | 1.00957  0.00009  2487590
   55  1.00795  7.63298 | 1.00954  0.00010  2254275
   56  1.00942  7.63304 | 1.00954  0.00009  2284838
   57  1.00923  7.63320 | 1.00953  0.00009  2324713
   58  1.00977  7.63323 | 1.00954  0.00009  2368019
   59  1.00949  7.63311 | 1.00954  0.00009  2416560
   60  1.01045  7.63309 | 1.00955  0.00009  2381894
   61  1.00932  7.63326 | 1.00955  0.00009  2423600
   62  1.00971  7.63321 | 1.00955  0.00009  2468133
   63  1.01035  7.63330 | 1.00957  0.00009  2451721
   64  1.01130  7.63315 | 1.00960  0.00009  2230608
   65  1.00972  7.63338 | 1.00960  0.00009  2271312
   66  1.00886  7.63292 | 1.00959  0.00009  2268696
   67  1.00898  7.63296 | 1.00958  0.00009  2279297
   68  1.00966  7.63310 | 1.00958  0.00009  2318635
   69  1.01007  7.63267 | 1.00958  0.00008  2339424
   70  1.00981  7.63303 | 1.00959  0.00008  2374468
   71  1.00809  7.63306 | 1.00957  0.00008  2242229
   72  1.00924  7.63315 | 1.00956  0.00008  2269564
   73  1.00909  7.63323 | 1.00955  0.00008  2289861
   74  1.00968  7.63335 | 1.00956  0.00008  2325054
   75  1.00934  7.63334 | 1.00955  0.00008  2357945
   76  1.00959  7.63307 | 1.00955  0.00008  2383389
   77  1.00874  7.63284 | 1.00954  0.00008  2368837
   78  1.01034  7.63301 | 1.00955  0.00008  2358153
   79  1.00994  7.63278 | 1.00956  0.00008  2382449
   80  1.00881  7.63304 | 1.00955  0.00008  2368960
   81  1.00902  7.63316 | 1.00954  0.00008  2380555
   82  1.01005  7.63346 | 1.00955  0.00008  2396162
   83  1.01002  7.63339 | 1.00955  0.00008  2413875
   84  1.00907  7.63328 | 1.00955  0.00007  2430588
   85  1.00900  7.63338 | 1.00954  0.00007  2443594
   86  1.00907  7.63358 | 1.00953  0.00007  2461220
   87  1.01101  7.63320 | 1.00955  0.00007  2349143
   88  1.00926  7.63308 | 1.00955  0.00007  2374562
   89  1.01127  7.63311 | 1.00957  0.00008  2229810
   90  1.00942  7.63316 | 1.00957  0.00007  2257018
   91  1.00876  7.63315 | 1.00956  0.00007  2250239
   92  1.01053  7.63309 | 1.00957  0.00007  2227561
   93  1.01037  7.63334 | 1.00958  0.00007  2221038
   94  1.00945  7.63373 | 1.00958  0.00007  2247039
   95  1.00803  7.63363 | 1.00956  0.00007  2152873
   96  1.01041  7.63327 | 1.00957  0.00007  2144045
   97  1.00949  7.63345 | 1.00957  0.00007  2168823
   98  1.00915  7.63302 | 1.00956  0.00007  2185682
   99  1.00993  7.63345 | 1.00957  0.00007  2205180
  100  1.00910  7.63322 | 1.00956  0.00007  2218901
  101  1.01044  7.63324 | 1.00957  0.00007  2207022
  102  1.01068  7.63292 | 1.00958  0.00007  2174960
  103  1.00940  7.63297 | 1.00958  0.00007  2197396
  104  1.00898  7.63321 | 1.00958  0.00007  2204620
  105  1.00963  7.63296 | 1.00958  0.00007  2228281
  106  1.01051  7.63313 | 1.00959  0.00007  2212826
  107  1.01008  7.63319 | 1.00959  0.00007  2224998
  108  1.00967  7.63334 | 1.00959  0.00007  2248033
  109  1.00960  7.63309 | 1.00959  0.00007  2271228
  110  1.00796  7.63335 | 1.00958  0.00007  2177764
  111  1.00917  7.63363 | 1.00957  0.00007  2182314
  112  1.01044  7.63335 | 1.00958  0.00007  2172233
  113  1.00999  7.63347 | 1.00958  0.00007  2187070
  114  1.01029  7.63338 | 1.00959  0.00007  2188537
  115  1.01014  7.63363 | 1.00960  0.00007  2197704
  116  1.00863  7.63336 | 1.00959  0.00007  2169781
  117  1.00853  7.63343 | 1.00958  0.00007  2146684
  118  1.00869  7.63334 | 1.00957  0.00007  2137178
  119  1.00886  7.63322 | 1.00956  0.00007  2138430
  120  1.00939  7.63336 | 1.00956  0.00007  2142852
  121  1.00997  7.63347 | 1.00957  0.00007  2156205
  122  1.01004  7.63319 | 1.00957  0.00007  2167963
  123  1.00961  7.63351 | 1.00957  0.00006  2188108
  124  1.00933  7.63337 | 1.00957  0.00006  2205813
  125  1.00818  7.63327 | 1.00956  0.00006  2147585
  126  1.00862  7.63381 | 1.00955  0.00006  2135783
  127  1.00877  7.63344 | 1.00954  0.00006  2133819
  128  1.00884  7.63319 | 1.00954  0.00006  2135355
  129  1.00972  7.63344 | 1.00954  0.00006  2152906
  130  1.00855  7.63321 | 1.00953  0.00006  2138140
  131  1.00939  7.63328 | 1.00953  0.00006  2155977
  132  1.00988  7.63317 | 1.00953  0.00006  2170263
  133  1.00936  7.63319 | 1.00953  0.00006  2187777
  134  1.00929  7.63321 | 1.00953  0.00006  2204655
  135  1.00900  7.63352 | 1.00952  0.00006  2213453
  136  1.00910  7.63323 | 1.00952  0.00006  2225452
  137  1.00985  7.63294 | 1.00952  0.00006  2239653
  138  1.00955  7.63335 | 1.00952  0.00006  2257994
  139  1.00882  7.63333 | 1.00952  0.00006  2258640
  140  1.00977  7.63345 | 1.00952  0.00006  2274517
  141  1.00998  7.63304 | 1.00952  0.00006  2284407
  142  1.01023  7.63289 | 1.00953  0.00006  2283663
  143  1.00949  7.63312 | 1.00953  0.00006  2301526
  144  1.00961  7.63301 | 1.00953  0.00006  2319289
  145  1.00995  7.63298 | 1.00953  0.00006  2330702
  146  1.00943  7.63323 | 1.00953  0.00006  2348283
  147  1.01086  7.63304 | 1.00954  0.00006  2303701
  148  1.01030  7.63359 | 1.00955  0.00006  2301958
  149  1.00881  7.63343 | 1.00954  0.00006  2300701
  150  1.01003  7.63407 | 1.00954  0.00006  2309911
  151  1.01028  7.63331 | 1.00955  0.00006  2308732
  152  1.00893  7.63322 | 1.00954  0.00006  2313010
  153  1.00924  7.63329 | 1.00954  0.00006  2326724
  154  1.00948  7.63316 | 1.00954  0.00006  2334586
  155  1.00998  7.63323 | 1.00955  0.00006  2344913
  156  1.00882  7.63348 | 1.00954  0.00006  2343768
  157  1.00972  7.63315 | 1.00954  0.00006  2359760
  158  1.01039  7.63322 | 1.00955  0.00005  2352717
  159  1.00945  7.63310 | 1.00955  0.00005  2368790
  160  1.00928  7.63308 | 1.00954  0.00005  2383003
  161  1.00892  7.63303 | 1.00954  0.00005  2386274
  162  1.00903  7.63332 | 1.00954  0.00005  2393747
  163  1.01001  7.63351 | 1.00954  0.00005  2403023
  164  1.01043  7.63327 | 1.00955  0.00005  2393061
  165  1.00941  7.63326 | 1.00955  0.00005  2408621
  166  1.01043  7.63301 | 1.00955  0.00005  2398625
  167  1.00782  7.63357 | 1.00954  0.00005  2319648
  168  1.00944  7.63356 | 1.00954  0.00005  2334696
  169  1.00942  7.63289 | 1.00954  0.00005  2349652
  170  1.00855  7.63315 | 1.00953  0.00005  2335628
  171  1.01067  7.63283 | 1.00954  0.00005  2312373
  172  1.01070  7.63293 | 1.00955  0.00005  2287887
  173  1.00937  7.63277 | 1.00955  0.00005  2301671
  174  1.00926  7.63355 | 1.00954  0.00005  2313618
  175  1.01027  7.63294 | 1.00955  0.00005  2313175
  176  1.00942  7.63294 | 1.00955  0.00005  2327244
  177  1.00924  7.63343 | 1.00955  0.00005  2339375
  178  1.00933  7.63308 | 1.00954  0.00005  2352538
  179  1.00898  7.63304 | 1.00954  0.00005  2357943
  180  1.00917  7.63303 | 1.00954  0.00005  2368537
  181  1.01013  7.63350 | 1.00954  0.00005  2372406
  182  1.01041  7.63346 | 1.00955  0.00005  2364388
  183  1.01100  7.63310 | 1.00956  0.00005  2314138
  184  1.00937  7.63361 | 1.00955  0.00005  2321725
  185  1.00977  7.63342 | 1.00956  0.00005  2327826
  186  1.00907  7.63313 | 1.00955  0.00005  2328724
  187  1.00941  7.63349 | 1.00955  0.00005  2342018
  188  1.00957  7.63320 | 1.00955  0.00005  2355795
  189  1.00964  7.63354 | 1.00955  0.00005  2369443
  190  1.01033  7.63327 | 1.00956  0.00005  2366334
  191  1.00887  7.63371 | 1.00955  0.00005  2367008
  192  1.00941  7.63332 | 1.00955  0.00005  2380142
  193  1.00887  7.63329 | 1.00955  0.00005  2381224
  194  1.00912  7.63308 | 1.00955  0.00005  2389686
  195  1.00947  7.63315 | 1.00955  0.00005  2399072
  196  1.01092  7.63321 | 1.00955  0.00005  2361509
  197  1.00998  7.63295 | 1.00956  0.00005  2369753
  198  1.00863  7.63295 | 1.00955  0.00005  2360351
  199  1.01023  7.63315 | 1.00955  0.00005  2361113
  200  1.00865  7.63348 | 1.00955  0.00005  2353060
  201  1.00926  7.63315 | 1.00955  0.00005  2364038
  202  1.00983  7.63289 | 1.00955  0.00005  2374417
  203  1.00938  7.63315 | 1.00955  0.00005  2386655
  204  1.00964  7.63312 | 1.00955  0.00005  2399432
  205  1.00926  7.63290 | 1.00955  0.00005  2410087
  206  1.01034  7.63314 | 1.00955  0.00005  2406515
  207  1.00929  7.63294 | 1.00955  0.00005  2417903
  208  1.00963  7.63327 | 1.00955  0.00005  2430520
  209  1.00964  7.63353 | 1.00955  0.00005  2443186
  210  1.00935  7.63299 | 1.00955  0.00005  2454955
  211  1.00848  7.63332 | 1.00955  0.00005  2437375
  212  1.00901  7.63323 | 1.00954  0.00005  2442475
  213  1.01067  7.63337 | 1.00955  0.00005  2422430
  214  1.00928  7.63260 | 1.00955  0.00005  2432559
  215  1.01000  7.63307 | 1.00955  0.00005  2439740
  216  1.01012  7.63309 | 1.00955  0.00005  2444014
  217  1.00895  7.63315 | 1.00955  0.00005  2447237
  218  1.00935  7.63345 | 1.00955  0.00005  2458725
  219  1.01024  7.63296 | 1.00955  0.00005  2458923
  220  1.00923  7.63322 | 1.00955  0.00005  2467929
  221  1.00978  7.63329 | 1.00955  0.00005  2478337
  222  1.00905  7.63295 | 1.00955  0.00005  2484202
  223  1.00944  7.63311 | 1.00955  0.00004  2496224
  224  1.01000  7.63320 | 1.00955  0.00004  2503303
  225  1.00995  7.63300 | 1.00955  0.00004  2511395
  226  1.01012  7.63318 | 1.00955  0.00004  2515497
  227  1.01003  7.63343 | 1.00956  0.00004  2521887
  228  1.00939  7.63322 | 1.00956  0.00004  2533332
  229  1.00921  7.63331 | 1.00955  0.00004  2542468
  230  1.00938  7.63340 | 1.00955  0.00004  2553812
  231  1.00941  7.63327 | 1.00955  0.00004  2565438
  232  1.00850  7.63313 | 1.00955  0.00004  2548500
  233  1.00962  7.63331 | 1.00955  0.00004  2556159
  234  1.00986  7.63295 | 1.00955  0.00004  2566028
  235  1.00909  7.63297 | 1.00955  0.00004  2572562
  236  1.00935  7.63305 | 1.00955  0.00004  2583584
  237  1.00927  7.63317 | 1.00955  0.00004  2593449
  238  1.00986  7.63354 | 1.00955  0.00004  2601699
  239  1.00985  7.63357 | 1.00955  0.00004  2611258
  240  1.00985  7.63379 | 1.00955  0.00004  2621003
  241  1.01006  7.63315 | 1.00955  0.00004  2625743
  242  1.01015  7.63299 | 1.00955  0.00004  2628318
  243  1.00975  7.63290 | 1.00956  0.00004  2639220
  244  1.00908  7.63349 | 1.00955  0.00004  2645009
  245  1.01073  7.63320 | 1.00956  0.00004  2620678
  246  1.00854  7.63288 | 1.00955  0.00004  2606080
  247  1.00848  7.63343 | 1.00955  0.00004  2588459
  248  1.00979  7.63331 | 1.00955  0.00004  2598481
  249  1.00959  7.63294 | 1.00955  0.00004  2609949
  250  1.00891  7.63314 | 1.00955  0.00004  2611143
  251  1.00946  7.63328 | 1.00955  0.00004  2622386
  252  1.00976  7.63351 | 1.00955  0.00004  2632805
  253  1.00898  7.63381 | 1.00955  0.00004  2634241
  254  1.00977  7.63351 | 1.00955  0.00004  2631995
  255  1.00839  7.63361 | 1.00954  0.00004  2608539
  256  1.01047  7.63292 | 1.00955  0.00004  2596997
  257  1.00964  7.63288 | 1.00955  0.00004  2607866
  258  1.00910  7.63304 | 1.00954  0.00004  2614090
  259  1.01006  7.63342 | 1.00955  0.00004  2618874
  260  1.00925  7.63304 | 1.00955  0.00004  2628067
  261  1.01000  7.63351 | 1.00955  0.00004  2634394
  262  1.00996  7.63334 | 1.00955  0.00004  2641222
  263  1.00973  7.63310 | 1.00955  0.00004  2651488
  264  1.01027  7.63304 | 1.00955  0.00004  2649178
  265  1.00915  7.63342 | 1.00955  0.00004  2656121
  266  1.00925  7.63313 | 1.00955  0.00004  2657478
  267  1.00987  7.63301 | 1.00955  0.00004  2662721
  268  1.00908  7.63297 | 1.00955  0.00004  2667317
  269  1.00822  7.63323 | 1.00954  0.00004  2633777
  270  1.00908  7.63319 | 1.00954  0.00004  2636898
  271  1.00863  7.63346 | 1.00954  0.00004  2624425
  272  1.00973  7.63306 | 1.00954  0.00004  2631361
  273  1.00844  7.63323 | 1.00954  0.00004  2613148
  274  1.00992  7.63274 | 1.00954  0.00004  2620109
  275  1.00988  7.63337 | 1.00954  0.00004  2627939
  276  1.00955  7.63321 | 1.00954  0.00004  2638459
  277  1.00880  7.63330 | 1.00954  0.00004  2636388
  278  1.00974  7.63299 | 1.00954  0.00004  2646186
  279  1.00959  7.63322 | 1.00954  0.00004  2656601
  280  1.00936  7.63300 | 1.00954  0.00004  2666386
  281  1.00950  7.63291 | 1.00954  0.00004  2674390
  282  1.01027  7.63290 | 1.00954  0.00004  2670640
  283  1.00881  7.63309 | 1.00954  0.00004  2668265
  284  1.00786  7.63307 | 1.00953  0.00004  2614337
  285  1.01000  7.63366 | 1.00953  0.00004  2619679
  286  1.00978  7.63337 | 1.00953  0.00004  2628718
  287  1.00893  7.63317 | 1.00953  0.00004  2626739
  288  1.01000  7.63309 | 1.00953  0.00004  2626737
  289  1.01035  7.63297 | 1.00953  0.00004  2616380
  290  1.00961  7.63351 | 1.00954  0.00004  2623588
  291  1.01021  7.63327 | 1.00954  0.00004  2621278
  292  1.00806  7.63328 | 1.00953  0.00004  2583747
  293  1.00866  7.63319 | 1.00953  0.00004  2577540
  294  1.01028  7.63312 | 1.00953  0.00004  2574289
  295  1.00877  7.63312 | 1.00953  0.00004  2571852
  296  1.00949  7.63290 | 1.00953  0.00004  2580896
  297  1.00909  7.63305 | 1.00953  0.00004  2584317
  298  1.00967  7.63352 | 1.00953  0.00004  2591711
  299  1.00873  7.63316 | 1.00953  0.00004  2586723
  300  1.00856  7.63312 | 1.00952  0.00004  2575260
  301  1.00908  7.63300 | 1.00952  0.00004  2577754
  302  1.01018  7.63330 | 1.00952  0.00004  2574588
  303  1.00918  7.63335 | 1.00952  0.00004  2576227
  304  1.00892  7.63316 | 1.00952  0.00004  2560646
  305  1.01013  7.63278 | 1.00952  0.00004  2541378
  306  1.00827  7.63314 | 1.00952  0.00004  2514886
  307  1.00925  7.63323 | 1.00952  0.00004  2516319
  308  1.01074  7.63326 | 1.00952  0.00004  2492638
  309  1.00831  7.63327 | 1.00952  0.00004  2469484
  310  1.00977  7.63344 | 1.00952  0.00004  2475740
  311  1.00951  7.63313 | 1.00952  0.00004  2477370
  312  1.00921  7.63323 | 1.00952  0.00004  2470303
  313  1.00938  7.63322 | 1.00952  0.00004  2477231
  314  1.00834  7.63340 | 1.00951  0.00004  2459706
  315  1.01014  7.63271 | 1.00951  0.00004  2461177
  316  1.00927  7.63279 | 1.00951  0.00004  2468744
  317  1.00912  7.63368 | 1.00951  0.00004  2472197
  318  1.00963  7.63381 | 1.00951  0.00004  2478418
  319  1.00943  7.63338 | 1.00951  0.00004  2484423
  320  1.00899  7.63339 | 1.00951  0.00004  2480415
  321  1.00911  7.63311 | 1.00951  0.00004  2485155
  322  1.00949  7.63297 | 1.00951  0.00004  2485552
  323  1.00925  7.63309 | 1.00951  0.00004  2480216
  324  1.00996  7.63312 | 1.00951  0.00004  2484216
  325  1.00865  7.63344 | 1.00951  0.00004  2477601
  326  1.00955  7.63326 | 1.00951  0.00004  2483038
  327  1.00950  7.63280 | 1.00951  0.00004  2488829
  328  1.00831  7.63309 | 1.00950  0.00004  2468111
  329  1.00944  7.63287 | 1.00950  0.00004  2476048
  330  1.00850  7.63306 | 1.00950  0.00004  2459279
  331  1.00926  7.63310 | 1.00950  0.00004  2466333
  332  1.00986  7.63297 | 1.00950  0.00004  2470431
  333  1.01063  7.63313 | 1.00950  0.00004  2456228
  334  1.00914  7.63350 | 1.00950  0.00004  2461664
  335  1.00960  7.63285 | 1.00950  0.00004  2469238
  336  1.01059  7.63348 | 1.00951  0.00004  2456013
  337  1.01052  7.63328 | 1.00951  0.00004  2446107
  338  1.01015  7.63348 | 1.00951  0.00004  2446841
  339  1.00975  7.63348 | 1.00951  0.00004  2453053
  340  1.00924  7.63290 | 1.00951  0.00004  2459639
  341  1.01083  7.63328 | 1.00952  0.00004  2437498
  342  1.00843  7.63323 | 1.00951  0.00004  2425515
  343  1.00974  7.63316 | 1.00951  0.00004  2432341
  344  1.01029  7.63311 | 1.00952  0.00004  2430056
  345  1.00931  7.63318 | 1.00951  0.00004  2437498
  346  1.00894  7.63297 | 1.00951  0.00004  2439603
  347  1.00842  7.63306 | 1.00951  0.00004  2427522
  348  1.00970  7.63293 | 1.00951  0.00004  2434479
  349  1.00912  7.63282 | 1.00951  0.00004  2439734
  350  1.00941  7.63335 | 1.00951  0.00004  2447401
  351  1.00976  7.63278 | 1.00951  0.00004  2454014
  352  1.00929  7.63333 | 1.00951  0.00003  2460755
  353  1.00908  7.63332 | 1.00951  0.00003  2464704
  354  1.00890  7.63317 | 1.00951  0.00003  2465137
  355  1.00907  7.63309 | 1.00950  0.00003  2469181
  356  1.00983  7.63345 | 1.00951  0.00003  2475216
  357  1.00939  7.63294 | 1.00951  0.00003  2482569
  358  1.00900  7.63338 | 1.00950  0.00003  2485386
  359  1.01004  7.63337 | 1.00951  0.00003  2488385
  360  1.00897  7.63360 | 1.00950  0.00003  2491151
  361  1.00827  7.63356 | 1.00950  0.00003  2473363
  362  1.00873  7.63339 | 1.00950  0.00003  2471160
  363  1.00940  7.63334 | 1.00950  0.00003  2476034
  364  1.01061  7.63350 | 1.00950  0.00003  2463213
  365  1.00982  7.63351 | 1.00950  0.00003  2468939
  366  1.00923  7.63316 | 1.00950  0.00003  2475434
  367  1.01021  7.63326 | 1.00950  0.00003  2474251
  368  1.00921  7.63325 | 1.00950  0.00003  2476145
  369  1.00997  7.63298 | 1.00950  0.00003  2479873
  370  1.00983  7.63366 | 1.00950  0.00003  2485148
  371  1.00952  7.63377 | 1.00950  0.00003  2492552
  372  1.01064  7.63331 | 1.00951  0.00003  2478480
  373  1.00910  7.63338 | 1.00951  0.00003  2483185
  374  1.00966  7.63354 | 1.00951  0.00003  2490416
  375  1.00881  7.63294 | 1.00951  0.00003  2490270
  376  1.00923  7.63317 | 1.00950  0.00003  2496234
  377  1.01030  7.63326 | 1.00951  0.00003  2491763
  378  1.01022  7.63319 | 1.00951  0.00003  2490816
  379  1.01068  7.63341 | 1.00951  0.00003  2474147
  380  1.00988  7.63346 | 1.00951  0.00003  2479266
  381  1.00865  7.63339 | 1.00951  0.00003  2474889
  382  1.00931  7.63325 | 1.00951  0.00003  2478795
  383  1.01053  7.63339 | 1.00951  0.00003  2468817
  384  1.00850  7.63329 | 1.00951  0.00003  2459959
  385  1.01110  7.63314 | 1.00951  0.00003  2428970
  386  1.01009  7.63324 | 1.00952  0.00003  2431335
  387  1.01014  7.63354 | 1.00952  0.00003  2432682
  388  1.00932  7.63286 | 1.00952  0.00003  2439229
  389  1.00912  7.63271 | 1.00952  0.00003  2444059
  390  1.00937  7.63303 | 1.00952  0.00003  2450620
  391  1.01030  7.63318 | 1.00952  0.00003  2448510
  392  1.00977  7.63283 | 1.00952  0.00003  2454559
  393  1.00952  7.63267 | 1.00952  0.00003  2461900
  394  1.00954  7.63315 | 1.00952  0.00003  2468956
  395  1.01001  7.63313 | 1.00952  0.00003  2472162
  396  1.00950  7.63341 | 1.00952  0.00003  2479169
  397  1.01025  7.63321 | 1.00952  0.00003  2478022
  398  1.00802  7.63353 | 1.00952  0.00003  2450142
  399  1.00886  7.63339 | 1.00952  0.00003  2448053
  400  1.00895  7.63342 | 1.00951  0.00003  2450023
  401  1.01053  7.63312 | 1.00952  0.00003  2438363
  402  1.00860  7.63357 | 1.00951  0.00003  2432721
  403  1.00938  7.63340 | 1.00951  0.00003  2437135
  404  1.00963  7.63305 | 1.00951  0.00003  2442401
  405  1.01037  7.63284 | 1.00952  0.00003  2436712
  406  1.00876  7.63277 | 1.00951  0.00003  2432115
  407  1.01013  7.63330 | 1.00952  0.00003  2430805
  408  1.00951  7.63330 | 1.00952  0.00003  2430770
  409  1.00975  7.63344 | 1.00952  0.00003  2436331
  410  1.00875  7.63384 | 1.00951  0.00003  2434200
  411  1.00925  7.63371 | 1.00951  0.00003  2439232
  412  1.00845  7.63332 | 1.00951  0.00003  2428984
  413  1.00843  7.63324 | 1.00951  0.00003  2418854
  414  1.00958  7.63279 | 1.00951  0.00003  2424954
  415  1.00923  7.63286 | 1.00951  0.00003  2429752
  416  1.00931  7.63303 | 1.00951  0.00003  2435323
  417  1.00800  7.63327 | 1.00950  0.00003  2407631
  418  1.01058  7.63292 | 1.00951  0.00003  2398342
  419  1.00902  7.63308 | 1.00951  0.00003  2401188
  420  1.00811  7.63276 | 1.00950  0.00003  2381531
  421  1.00922  7.63309 | 1.00950  0.00003  2378631
  422  1.00930  7.63363 | 1.00950  0.00003  2383636
  423  1.00913  7.63311 | 1.00950  0.00003  2387148
  424  1.00899  7.63304 | 1.00950  0.00003  2384178
  425  1.00990  7.63304 | 1.00950  0.00003  2388431
  426  1.01025  7.63306 | 1.00950  0.00003  2384843
  427  1.00927  7.63323 | 1.00950  0.00003  2390021
  428  1.00974  7.63315 | 1.00950  0.00003  2395109
  429  1.00965  7.63314 | 1.00950  0.00003  2400951
  430  1.01006  7.63303 | 1.00950  0.00003  2403019
  431  1.01000  7.63302 | 1.00950  0.00003  2406033
  432  1.00860  7.63369 | 1.00950  0.00003  2401547
  433  1.00904  7.63370 | 1.00950  0.00003  2405158
  434  1.00918  7.63370 | 1.00950  0.00003  2409954
  435  1.00906  7.63342 | 1.00950  0.00003  2411934
  436  1.00919  7.63328 | 1.00950  0.00003  2415487
  437  1.00964  7.63320 | 1.00950  0.00003  2420025
  438  1.00863  7.63315 | 1.00950  0.00003  2414967
  439  1.00863  7.63316 | 1.00950  0.00003  2411241
  440  1.00985  7.63365 | 1.00950  0.00003  2416106
  441  1.00923  7.63306 | 1.00950  0.00003  2421542
  442  1.01037  7.63298 | 1.00950  0.00003  2417899
  443  1.00984  7.63295 | 1.00950  0.00003  2422537
  444  1.00972  7.63324 | 1.00950  0.00003  2426146
  445  1.00938  7.63297 | 1.00950  0.00003  2431168
  446  1.01012  7.63322 | 1.00950  0.00003  2432325
  447  1.00976  7.63275 | 1.00950  0.00003  2437108
  448  1.00925  7.63318 | 1.00950  0.00003  2441617
  449  1.01027  7.63310 | 1.00950  0.00003  2439944
  450  1.00929  7.63292 | 1.00950  0.00003  2443903
  451  1.00937  7.63300 | 1.00950  0.00003  2449848
  452  1.01032  7.63300 | 1.00950  0.00003  2447315
  453  1.00893  7.63351 | 1.00950  0.00003  2449197
  454  1.00942  7.63355 | 1.00950  0.00003  2454726
  455  1.00997  7.63281 | 1.00950  0.00003  2457835
  456  1.00968  7.63295 | 1.00950  0.00003  2463656
  457  1.00841  7.63323 | 1.00950  0.00003  2454403
  458  1.00919  7.63331 | 1.00950  0.00003  2458991
  459  1.00874  7.63329 | 1.00950  0.00003  2457613
  460  1.00951  7.63326 | 1.00950  0.00003  2463807
  461  1.00858  7.63309 | 1.00950  0.00003  2459206
  462  1.00874  7.63297 | 1.00949  0.00003  2458135
  463  1.00873  7.63320 | 1.00949  0.00003  2456808
  464  1.00946  7.63332 | 1.00949  0.00003  2462451
  465  1.01000  7.63351 | 1.00949  0.00003  2462865
  466  1.01004  7.63305 | 1.00949  0.00003  2464841
  467  1.00927  7.63334 | 1.00949  0.00003  2470061
  468  1.00836  7.63315 | 1.00949  0.00003  2459865
  469  1.00961  7.63293 | 1.00949  0.00003  2465755
  470  1.00926  7.63313 | 1.00949  0.00003  2471058
  471  1.01009  7.63293 | 1.00949  0.00003  2472291
  472  1.00952  7.63298 | 1.00949  0.00003  2478060
  473  1.00855  7.63290 | 1.00949  0.00003  2472529
  474  1.00931  7.63286 | 1.00949  0.00003  2477497
  475  1.00944  7.63293 | 1.00949  0.00003  2483203
  476  1.00860  7.63277 | 1.00949  0.00003  2477894
  477  1.01013  7.63322 | 1.00949  0.00003  2478716
  478  1.00949  7.63307 | 1.00949  0.00003  2484252
  479  1.00897  7.63341 | 1.00949  0.00003  2485474
  480  1.01076  7.63314 | 1.00949  0.00003  2470778
  481  1.00769  7.63313 | 1.00949  0.00003  2437128
  482  1.01006  7.63292 | 1.00949  0.00003  2438884
  483  1.01072  7.63304 | 1.00949  0.00003  2426680
  484  1.00995  7.63313 | 1.00949  0.00003  2429523
  485  1.00863  7.63341 | 1.00949  0.00003  2425062
  486  1.00893  7.63310 | 1.00949  0.00003  2426050
  487  1.00905  7.63328 | 1.00949  0.00003  2428267
  488  1.00986  7.63313 | 1.00949  0.00003  2429293
  489  1.00973  7.63318 | 1.00949  0.00003  2433593
  490  1.01041  7.63357 | 1.00949  0.00003  2429316
  491  1.01134  7.63313 | 1.00950  0.00003  2395090
  492  1.00803  7.63320 | 1.00949  0.00003  2376186
  493  1.00992  7.63317 | 1.00949  0.00003  2379473
  494  1.00993  7.63326 | 1.00949  0.00003  2381922
  495  1.00919  7.63355 | 1.00949  0.00003  2377402
  496  1.00960  7.63337 | 1.00949  0.00003  2382207
  497  1.00939  7.63287 | 1.00949  0.00003  2387141
  498  1.00935  7.63306 | 1.00949  0.00003  2391918
  499  1.00965  7.63307 | 1.00949  0.00003  2397026
  500  1.00902  7.63341 | 1.00949  0.00003  2399529
  501  1.00830  7.63332 | 1.00949  0.00003  2389005
  502  1.00928  7.63320 | 1.00949  0.00003  2391258
  503  1.01070  7.63307 | 1.00949  0.00003  2378627
  504  1.00941  7.63346 | 1.00949  0.00003  2383957
  505  1.01031  7.63334 | 1.00949  0.00003  2382014
  506  1.00967  7.63318 | 1.00949  0.00003  2386934
  507  1.00960  7.63311 | 1.00949  0.00003  2390530
  508  1.00948  7.63301 | 1.00949  0.00003  2394646
  509  1.00946  7.63278 | 1.00949  0.00003  2399953
  510  1.00910  7.63315 | 1.00949  0.00003  2402181
  511  1.00969  7.63321 | 1.00949  0.00003  2406677
  512  1.00886  7.63322 | 1.00949  0.00003  2407516
  513  1.00933  7.63293 | 1.00949  0.00003  2412577
  514  1.00926  7.63288 | 1.00949  0.00003  2417261
  515  1.00866  7.63339 | 1.00949  0.00003  2414925
  516  1.00983  7.63302 | 1.00949  0.00003  2418953
  517  1.00900  7.63280 | 1.00949  0.00003  2420921
  518  1.00962  7.63301 | 1.00949  0.00003  2425015
  519  1.01041  7.63329 | 1.00949  0.00003  2418652
  520  1.01013  7.63345 | 1.00949  0.00003  2417213
  521  1.00954  7.63315 | 1.00949  0.00003  2421924
  522  1.00886  7.63306 | 1.00949  0.00003  2422522
  523  1.01014  7.63304 | 1.00949  0.00003  2422625
  524  1.00936  7.63291 | 1.00949  0.00003  2427778
  525  1.01003  7.63289 | 1.00949  0.00003  2429995
  526  1.00999  7.63249 | 1.00950  0.00003  2432618
  527  1.00914  7.63260 | 1.00949  0.00003  2436577
  528  1.00954  7.63306 | 1.00949  0.00003  2441165
  529  1.00886  7.63298 | 1.00949  0.00003  2439197
  530  1.00885  7.63276 | 1.00949  0.00003  2439771
  531  1.00908  7.63288 | 1.00949  0.00003  2443060
  532  1.01147  7.63322 | 1.00950  0.00003  2405972
  533  1.00954  7.63275 | 1.00950  0.00003  2410633
  534  1.00977  7.63291 | 1.00950  0.00003  2414879
  535  1.00926  7.63331 | 1.00950  0.00003  2419380
  536  1.01018  7.63296 | 1.00950  0.00003  2419764
  537  1.00908  7.63304 | 1.00950  0.00003  2423054
  538  1.00849  7.63305 | 1.00949  0.00003  2415923
  539  1.00885  7.63318 | 1.00949  0.00003  2414197
  540  1.00807  7.63294 | 1.00949  0.00003  2397965
  541  1.00926  7.63309 | 1.00949  0.00003  2402572
  542  1.00913  7.63336 | 1.00949  0.00003  2406188
  543  1.00939  7.63313 | 1.00949  0.00003  2411079
  544  1.00964  7.63308 | 1.00949  0.00003  2412220
  545  1.00953  7.63324 | 1.00949  0.00003  2416334
  546  1.00966  7.63299 | 1.00949  0.00003  2420992
  547  1.00984  7.63326 | 1.00949  0.00003  2422603
  548  1.01008  7.63328 | 1.00949  0.00003  2422309
  549  1.01030  7.63292 | 1.00949  0.00003  2420102
  550  1.01029  7.63322 | 1.00949  0.00003  2418206
  551  1.00945  7.63370 | 1.00949  0.00003  2423175
  552  1.00931  7.63340 | 1.00949  0.00003  2428044
  553  1.00990  7.63300 | 1.00949  0.00003  2430477
  554  1.00941  7.63291 | 1.00949  0.00003  2435565
  555  1.00963  7.63329 | 1.00949  0.00003  2440392
  556  1.01022  7.63370 | 1.00950  0.00003  2439247
  557  1.00916  7.63324 | 1.00950  0.00003  2443048
  558  1.00880  7.63313 | 1.00949  0.00003  2443052
  559  1.00838  7.63334 | 1.00949  0.00003  2434877
  560  1.00962  7.63285 | 1.00949  0.00003  2439250
  561  1.01028  7.63308 | 1.00949  0.00003  2437973
  562  1.00938  7.63339 | 1.00949  0.00003  2442747
  563  1.00951  7.63334 | 1.00949  0.00003  2447001
  564  1.00875  7.63321 | 1.00949  0.00003  2446168
  565  1.00888  7.63312 | 1.00949  0.00003  2447087
  566  1.00960  7.63291 | 1.00949  0.00003  2452023
  567  1.01028  7.63324 | 1.00949  0.00003  2450654
  568  1.00979  7.63309 | 1.00949  0.00003  2453265
  569  1.00904  7.63355 | 1.00949  0.00003  2455562
  570  1.00945  7.63341 | 1.00949  0.00003  2460374
  571  1.00877  7.63314 | 1.00949  0.00003  2459847
  572  1.00974  7.63310 | 1.00949  0.00003  2464039
  573  1.00909  7.63288 | 1.00949  0.00003  2467197
  574  1.00937  7.63326 | 1.00949  0.00003  2471887
  575  1.00789  7.63289 | 1.00949  0.00003  2450421
  576  1.01083  7.63321 | 1.00949  0.00003  2437447
  577  1.01009  7.63264 | 1.00949  0.00003  2436903
  578  1.00995  7.63296 | 1.00949  0.00003  2439759
  579  1.00899  7.63327 | 1.00949  0.00003  2441983
  580  1.01127  7.63270 | 1.00949  0.00003  2415267
  581  1.00912  7.63309 | 1.00949  0.00003  2415054
  582  1.01048  7.63269 | 1.00950  0.00003  2405426
  583  1.00900  7.63298 | 1.00949  0.00003  2407445
  584  1.00961  7.63342 | 1.00949  0.00003  2412101
  585  1.00949  7.63343 | 1.00949  0.00003  2416745
  586  1.00843  7.63304 | 1.00949  0.00003  2410276
  587  1.00961  7.63336 | 1.00949  0.00003  2414791
  588  1.00929  7.63329 | 1.00949  0.00003  2419045
  589  1.00928  7.63319 | 1.00949  0.00003  2422912
  590  1.00994  7.63284 | 1.00949  0.00003  2425681
  591  1.00828  7.63330 | 1.00949  0.00003  2416283
  592  1.00985  7.63313 | 1.00949  0.00003  2419672
  593  1.00861  7.63330 | 1.00949  0.00003  2416887
  594  1.00872  7.63311 | 1.00949  0.00003  2415980
  595  1.00864  7.63359 | 1.00949  0.00003  2413710
  596  1.00989  7.63339 | 1.00949  0.00003  2416585
  597  1.00961  7.63287 | 1.00949  0.00003  2421253
  598  1.00867  7.63336 | 1.00949  0.00003  2418516
  599  1.01024  7.63336 | 1.00949  0.00003  2417845
  600  1.01077  7.63348 | 1.00949  0.00003  2406794
  601  1.00944  7.63347 | 1.00949  0.00003  2411213
  602  1.00873  7.63344 | 1.00949  0.00003  2410258
  603  1.00914  7.63288 | 1.00949  0.00003  2413157
  604  1.00971  7.63370 | 1.00949  0.00003  2417222
  605  1.01062  7.63302 | 1.00949  0.00003  2409841
  606  1.00987  7.63316 | 1.00949  0.00003  2413015
  607  1.00876  7.63298 | 1.00949  0.00003  2412504
  608  1.00957  7.63287 | 1.00949  0.00003  2416987
  609  1.00839  7.63345 | 1.00949  0.00003  2410256
  610  1.00861  7.63314 | 1.00949  0.00003  2407624
  611  1.01017  7.63357 | 1.00949  0.00003  2407170
  612  1.01038  7.63300 | 1.00949  0.00003  2404526
  613  1.00996  7.63358 | 1.00949  0.00003  2406934
  614  1.00944  7.63316 | 1.00949  0.00003  2411371
  615  1.00921  7.63310 | 1.00949  0.00003  2414347
  616  1.00906  7.63335 | 1.00949  0.00003  2416683
  617  1.00995  7.63288 | 1.00949  0.00003  2419169
  618  1.01013  7.63309 | 1.00949  0.00003  2419868
  619  1.00949  7.63341 | 1.00949  0.00003  2424408
  620  1.00919  7.63317 | 1.00949  0.00003  2427999
  621  1.00937  7.63289 | 1.00949  0.00003  2432270
  622  1.00884  7.63334 | 1.00949  0.00003  2432876
  623  1.01064  7.63344 | 1.00949  0.00003  2425192
  624  1.01007  7.63314 | 1.00949  0.00003  2426640
  625  1.00991  7.63304 | 1.00949  0.00003  2429494
  626  1.00972  7.63300 | 1.00949  0.00003  2433428
  627  1.00981  7.63329 | 1.00949  0.00003  2436902
  628  1.00957  7.63293 | 1.00949  0.00003  2441257
  629  1.00994  7.63262 | 1.00949  0.00003  2443879
  630  1.00966  7.63294 | 1.00949  0.00003  2448072
  631  1.00965  7.63284 | 1.00949  0.00003  2452270
  632  1.00910  7.63298 | 1.00949  0.00003  2455336
  633  1.00840  7.63302 | 1.00949  0.00003  2448401
  634  1.01026  7.63292 | 1.00949  0.00003  2447423
  635  1.00897  7.63343 | 1.00949  0.00003  2449209
  636  1.00966  7.63315 | 1.00949  0.00003  2453336
  637  1.00917  7.63284 | 1.00949  0.00003  2456466
  638  1.00995  7.63258 | 1.00949  0.00003  2458919
  639  1.00997  7.63288 | 1.00949  0.00003  2460283
  640  1.00901  7.63274 | 1.00949  0.00003  2460469
  641  1.00827  7.63302 | 1.00949  0.00003  2451142
  642  1.00870  7.63317 | 1.00949  0.00003  2449051
  643  1.01060  7.63342 | 1.00949  0.00003  2441534
  644  1.00842  7.63326 | 1.00949  0.00003  2435443
  645  1.00860  7.63353 | 1.00949  0.00003  2432715
  646  1.00948  7.63328 | 1.00949  0.00003  2436539
  647  1.01093  7.63307 | 1.00949  0.00003  2422590
  648  1.01035  7.63297 | 1.00949  0.00003  2419066
  649  1.00855  7.63277 | 1.00949  0.00003  2413700
  650  1.00976  7.63317 | 1.00949  0.00003  2417170
  651  1.00935  7.63350 | 1.00949  0.00003  2420671
  652  1.01022  7.63352 | 1.00949  0.00003  2420411
  653  1.00821  7.63309 | 1.00949  0.00003  2409845
  654  1.00989  7.63339 | 1.00949  0.00003  2411204
  655  1.00854  7.63334 | 1.00949  0.00003  2406026
  656  1.00984  7.63371 | 1.00949  0.00003  2408281
  657  1.00976  7.63318 | 1.00949  0.00003  2410643
  658  1.00890  7.63323 | 1.00949  0.00003  2409793
  659  1.00945  7.63269 | 1.00949  0.00003  2411775
  660  1.00943  7.63314 | 1.00949  0.00003  2415217
  661  1.00865  7.63370 | 1.00949  0.00003  2412485
  662  1.00939  7.63363 | 1.00949  0.00003  2414866
  663  1.00801  7.63387 | 1.00949  0.00003  2397709
  664  1.00894  7.63342 | 1.00948  0.00003  2391812
  665  1.01017  7.63346 | 1.00949  0.00003  2383828
  666  1.00905  7.63289 | 1.00949  0.00003  2384106
  667  1.01044  7.63313 | 1.00949  0.00003  2376581
  668  1.01009  7.63340 | 1.00949  0.00003  2374171
  669  1.00941  7.63368 | 1.00949  0.00003  2377275
  670  1.00894  7.63320 | 1.00949  0.00003  2372637
  671  1.01024  7.63321 | 1.00949  0.00003  2370108
  672  1.00827  7.63292 | 1.00949  0.00003  2360824
  673  1.00936  7.63329 | 1.00949  0.00003  2362234
  674  1.01001  7.63297 | 1.00949  0.00003  2363810
  675  1.01032  7.63324 | 1.00949  0.00003  2360404
  676  1.00934  7.63346 | 1.00949  0.00003  2363941
  677  1.00886  7.63324 | 1.00949  0.00003  2364201
  678  1.00953  7.63352 | 1.00949  0.00003  2366884
  679  1.01018  7.63354 | 1.00949  0.00003  2366221
  680  1.00950  7.63346 | 1.00949  0.00003  2370034
  681  1.00894  7.63313 | 1.00949  0.00003  2371528
  682  1.00977  7.63334 | 1.00949  0.00003  2374945
  683  1.01001  7.63344 | 1.00949  0.00003  2376548
  684  1.01048  7.63292 | 1.00949  0.00003  2372447
  685  1.00962  7.63301 | 1.00949  0.00003  2376171
  686  1.00952  7.63294 | 1.00949  0.00003  2380115
  687  1.00947  7.63279 | 1.00949  0.00003  2380790
  688  1.00937  7.63280 | 1.00949  0.00003  2383367
  689  1.01068  7.63330 | 1.00949  0.00003  2374617
  690  1.00989  7.63349 | 1.00949  0.00003  2377257
  691  1.00978  7.63360 | 1.00949  0.00003  2380504
  692  1.00930  7.63370 | 1.00949  0.00002  2382404
  693  1.01066  7.63318 | 1.00949  0.00003  2375414
  694  1.00914  7.63353 | 1.00949  0.00002  2378439
  695  1.00866  7.63315 | 1.00949  0.00002  2377047
  696  1.01010  7.63314 | 1.00949  0.00002  2378077
  697  1.00981  7.63324 | 1.00949  0.00002  2381305
  698  1.01007  7.63334 | 1.00949  0.00002  2382583
  699  1.00947  7.63300 | 1.00949  0.00002  2385502
  700  1.01001  7.63332 | 1.00949  0.00002  2387276
  701  1.00877  7.63331 | 1.00949  0.00002  2387124
  702  1.00914  7.63300 | 1.00949  0.00002  2390137
  703  1.00984  7.63333 | 1.00949  0.00002  2392331
  704  1.00859  7.63354 | 1.00949  0.00002  2389790
  705  1.00852  7.63316 | 1.00949  0.00002  2386291
  706  1.01058  7.63305 | 1.00949  0.00002  2380885
  707  1.00984  7.63331 | 1.00949  0.00002  2383995
  708  1.00933  7.63304 | 1.00949  0.00002  2387756
  709  1.00899  7.63312 | 1.00949  0.00002  2389737
  710  1.01038  7.63309 | 1.00949  0.00002  2387541
  711  1.01047  7.63319 | 1.00949  0.00002  2383423
  712  1.00989  7.63314 | 1.00950  0.00002  2386052
  713  1.00893  7.63330 | 1.00949  0.00002  2387600
  714  1.00830  7.63310 | 1.00949  0.00002  2380453
  715  1.00872  7.63313 | 1.00949  0.00002  2379643
  716  1.01005  7.63304 | 1.00949  0.00002  2381148
  717  1.01010  7.63306 | 1.00949  0.00002  2382235
  718  1.01017  7.63330 | 1.00949  0.00002  2382638
  719  1.00904  7.63315 | 1.00949  0.00002  2384963
  720  1.00898  7.63311 | 1.00949  0.00002  2386805
  721  1.00821  7.63310 | 1.00949  0.00002  2378049
  722  1.00914  7.63344 | 1.00949  0.00002  2380938
  723  1.01017  7.63310 | 1.00949  0.00002  2381355
  724  1.00861  7.63284 | 1.00949  0.00002  2379294
  725  1.00945  7.63277 | 1.00949  0.00002  2383032
  726  1.00948  7.63275 | 1.00949  0.00002  2386912
  727  1.00848  7.63338 | 1.00949  0.00002  2380629
  728  1.00991  7.63326 | 1.00949  0.00002  2383166
  729  1.00902  7.63327 | 1.00949  0.00002  2385315
  730  1.01024  7.63326 | 1.00949  0.00002  2384858
  731  1.01011  7.63316 | 1.00949  0.00002  2383984
  732  1.00817  7.63332 | 1.00949  0.00002  2374407
  733  1.01019  7.63364 | 1.00949  0.00002  2373404
  734  1.00983  7.63307 | 1.00949  0.00002  2376377
  735  1.01001  7.63310 | 1.00949  0.00002  2378055
  736  1.00969  7.63276 | 1.00949  0.00002  2381573
  737  1.00976  7.63311 | 1.00949  0.00002  2384854
  738  1.00968  7.63343 | 1.00949  0.00002  2388410
  739  1.00945  7.63299 | 1.00949  0.00002  2392175
  740  1.00899  7.63338 | 1.00949  0.00002  2394077
  741  1.00859  7.63325 | 1.00949  0.00002  2391849
  742  1.00924  7.63330 | 1.00949  0.00002  2395190
  743  1.00812  7.63356 | 1.00949  0.00002  2384912
  744  1.01031  7.63348 | 1.00949  0.00002  2383677
  745  1.00981  7.63321 | 1.00949  0.00002  2386718
  746  1.00774  7.63312 | 1.00949  0.00002  2368031
  747  1.00861  7.63345 | 1.00949  0.00002  2366076
  748  1.00919  7.63328 | 1.00949  0.00002  2369159
  749  1.00924  7.63363 | 1.00949  0.00002  2372458
  750  1.00887  7.63344 | 1.00948  0.00002  2373288
  751  1.00953  7.63329 | 1.00948  0.00002  2376400
  752  1.00944  7.63327 | 1.00948  0.00002  2380201
  753  1.00905  7.63390 | 1.00948  0.00002  2382545
  754  1.00930  7.63361 | 1.00948  0.00002  2386011
  755  1.00938  7.63273 | 1.00948  0.00002  2389662
  756  1.01027  7.63310 | 1.00948  0.00002  2388921
  757  1.00994  7.63350 | 1.00948  0.00002  2391113
  758  1.00892  7.63308 | 1.00948  0.00002  2392474
  759  1.00895  7.63356 | 1.00948  0.00002  2394099
  760  1.00908  7.63307 | 1.00948  0.00002  2396605
  761  1.00937  7.63345 | 1.00948  0.00002  2400305
  762  1.00979  7.63360 | 1.00948  0.00002  2403333
  763  1.00888  7.63350 | 1.00948  0.00002  2404338
  764  1.00839  7.63320 | 1.00948  0.00002  2398529
  765  1.00971  7.63317 | 1.00948  0.00002  2401632
  766  1.00948  7.63284 | 1.00948  0.00002  2405326
  767  1.01000  7.63302 | 1.00948  0.00002  2406269
  768  1.00921  7.63308 | 1.00948  0.00002  2409502
  769  1.00992  7.63321 | 1.00948  0.00002  2411785
  770  1.01034  7.63315 | 1.00948  0.00002  2410050
  771  1.00844  7.63313 | 1.00948  0.00002  2405835
  772  1.00955  7.63313 | 1.00948  0.00002  2409494
  773  1.00874  7.63301 | 1.00948  0.00002  2409119
  774  1.01018  7.63293 | 1.00948  0.00002  2408935
  775  1.00952  7.63325 | 1.00948  0.00002  2411938
  776  1.00840  7.63329 | 1.00948  0.00002  2406108
  777  1.00999  7.63337 | 1.00948  0.00002  2406563
  778  1.01003  7.63335 | 1.00948  0.00002  2407548
  779  1.00935  7.63332 | 1.00948  0.00002  2411071
  780  1.00945  7.63331 | 1.00948  0.00002  2414697
  781  1.00925  7.63325 | 1.00948  0.00002  2417928
  782  1.01003  7.63328 | 1.00948  0.00002  2419484
  783  1.00986  7.63320 | 1.00948  0.00002  2422076
  784  1.00933  7.63326 | 1.00948  0.00002  2425557
  785  1.00957  7.63312 | 1.00948  0.00002  2429150
  786  1.01005  7.63288 | 1.00948  0.00002  2430434
  787  1.01013  7.63338 | 1.00948  0.00002  2430957
  788  1.00976  7.63286 | 1.00948  0.00002  2433722
  789  1.01055  7.63328 | 1.00949  0.00002  2429038
  790  1.00898  7.63318 | 1.00949  0.00002  2430772
  791  1.00883  7.63320 | 1.00948  0.00002  2431319
  792  1.01013  7.63334 | 1.00949  0.00002  2431901
  793  1.01005  7.63321 | 1.00949  0.00002  2433257
  794  1.00946  7.63303 | 1.00949  0.00002  2436820
  795  1.00887  7.63361 | 1.00949  0.00002  2437688
  796  1.00852  7.63386 | 1.00948  0.00002  2434573
  797  1.00918  7.63330 | 1.00948  0.00002  2437612
  798  1.00825  7.63365 | 1.00948  0.00002  2430218
  799  1.01001  7.63313 | 1.00948  0.00002  2431835
  800  1.00979  7.63305 | 1.00948  0.00002  2434740
  801  1.00900  7.63308 | 1.00948  0.00002  2436750
  802  1.00927  7.63356 | 1.00948  0.00002  2439103
  803  1.01015  7.63330 | 1.00948  0.00002  2438697
  804  1.00906  7.63310 | 1.00948  0.00002  2440900
  805  1.01037  7.63305 | 1.00948  0.00002  2438878
  806  1.00988  7.63299 | 1.00948  0.00002  2441316
  807  1.00916  7.63346 | 1.00948  0.00002  2444150
  808  1.00947  7.63320 | 1.00948  0.00002  2447803
  809  1.00846  7.63332 | 1.00948  0.00002  2443961
  810  1.00913  7.63325 | 1.00948  0.00002  2446604
  811  1.00980  7.63290 | 1.00948  0.00002  2449462
  812  1.00883  7.63344 | 1.00948  0.00002  2449808
  813  1.00912  7.63318 | 1.00948  0.00002  2452493
  814  1.00961  7.63276 | 1.00948  0.00002  2455912
  815  1.01060  7.63280 | 1.00948  0.00002  2450599
  816  1.00915  7.63320 | 1.00948  0.00002  2453321
  817  1.00990  7.63307 | 1.00948  0.00002  2455658
  818  1.01045  7.63320 | 1.00948  0.00002  2452697
  819  1.00979  7.63288 | 1.00948  0.00002  2455531
  820  1.01015  7.63306 | 1.00949  0.00002  2455950
  821  1.00931  7.63324 | 1.00948  0.00002  2458686
  822  1.00964  7.63334 | 1.00948  0.00002  2461921
  823  1.00906  7.63328 | 1.00948  0.00002  2464218
  824  1.00816  7.63293 | 1.00948  0.00002  2455367
  825  1.00996  7.63302 | 1.00948  0.00002  2457291
  826  1.00945  7.63330 | 1.00948  0.00002  2460803
  827  1.01034  7.63310 | 1.00948  0.00002  2459143
  828  1.01021  7.63325 | 1.00949  0.00002  2459025
  829  1.00930  7.63363 | 1.00949  0.00002  2461361
  830  1.00932  7.63343 | 1.00948  0.00002  2464680
  831  1.01066  7.63354 | 1.00949  0.00002  2458529
  832  1.00966  7.63310 | 1.00949  0.00002  2461784
  833  1.00926  7.63346 | 1.00949  0.00002  2464935
  834  1.00902  7.63342 | 1.00949  0.00002  2466987
  835  1.00949  7.63300 | 1.00949  0.00002  2470471
  836  1.01070  7.63332 | 1.00949  0.00002  2463627
  837  1.00905  7.63297 | 1.00949  0.00002  2465773
  838  1.00982  7.63279 | 1.00949  0.00002  2468544
  839  1.00875  7.63338 | 1.00949  0.00002  2468291
  840  1.00921  7.63350 | 1.00949  0.00002  2471258
  841  1.00905  7.63345 | 1.00949  0.00002  2473463
  842  1.00969  7.63336 | 1.00949  0.00002  2476726
  843  1.00865  7.63277 | 1.00948  0.00002  2475338
  844  1.00997  7.63318 | 1.00949  0.00002  2477178
  845  1.00927  7.63288 | 1.00948  0.00002  2480302
  846  1.01039  7.63337 | 1.00949  0.00002  2478106
  847  1.01027  7.63323 | 1.00949  0.00002  2477309
  848  1.01080  7.63319 | 1.00949  0.00002  2468902
  849  1.00992  7.63326 | 1.00949  0.00002  2471066
  850  1.01007  7.63345 | 1.00949  0.00002  2471949
  851  1.00944  7.63305 | 1.00949  0.00002  2474675
  852  1.01057  7.63301 | 1.00949  0.00002  2469767
  853  1.00881  7.63251 | 1.00949  0.00002  2470087
  854  1.01071  7.63257 | 1.00949  0.00002  2463335
  855  1.00990  7.63307 | 1.00949  0.00002  2465577
  856  1.00915  7.63283 | 1.00949  0.00002  2468180
  857  1.00891  7.63290 | 1.00949  0.00002  2469254
  858  1.00965  7.63288 | 1.00949  0.00002  2472559
  859  1.00810  7.63321 | 1.00949  0.00002  2462781
  860  1.01000  7.63303 | 1.00949  0.00002  2464424
  861  1.00969  7.63317 | 1.00949  0.00002  2467533
  862  1.00787  7.63297 | 1.00949  0.00002  2453387
  863  1.00988  7.63328 | 1.00949  0.00002  2455716
  864  1.00975  7.63347 | 1.00949  0.00002  2458212
  865  1.00956  7.63315 | 1.00949  0.00002  2460820
  866  1.00897  7.63331 | 1.00949  0.00002  2462395
  867  1.00977  7.63293 | 1.00949  0.00002  2464545
  868  1.00993  7.63269 | 1.00949  0.00002  2466169
  869  1.00953  7.63322 | 1.00949  0.00002  2468296
  870  1.00840  7.63306 | 1.00949  0.00002  2462905
  871  1.01002  7.63272 | 1.00949  0.00002  2464272
  872  1.00993  7.63291 | 1.00949  0.00002  2466295
  873  1.00884  7.63308 | 1.00949  0.00002  2466877
  874  1.00992  7.63265 | 1.00949  0.00002  2468564
  875  1.00988  7.63247 | 1.00949  0.00002  2468738
  876  1.00992  7.63331 | 1.00949  0.00002  2470874
  877  1.00905  7.63315 | 1.00949  0.00002  2472341
  878  1.00935  7.63314 | 1.00949  0.00002  2475542
  879  1.00980  7.63292 | 1.00949  0.00002  2478270
  880  1.01050  7.63243 | 1.00949  0.00002  2474227
  881  1.00967  7.63307 | 1.00949  0.00002  2476752
  882  1.01010  7.63332 | 1.00949  0.00002  2476937
  883  1.00919  7.63315 | 1.00949  0.00002  2478832
  884  1.00959  7.63277 | 1.00949  0.00002  2481930
  885  1.01016  7.63321 | 1.00949  0.00002  2482289
  886  1.00927  7.63330 | 1.00949  0.00002  2485057
  887  1.00942  7.63333 | 1.00949  0.00002  2487738
  888  1.00997  7.63292 | 1.00949  0.00002  2488633
  889  1.00949  7.63314 | 1.00949  0.00002  2491613
  890  1.01024  7.63321 | 1.00949  0.00002  2491187
  891  1.00981  7.63324 | 1.00949  0.00002  2493800
  892  1.01029  7.63343 | 1.00949  0.00002  2492948
  893  1.00901  7.63324 | 1.00949  0.00002  2494429
  894  1.00903  7.63311 | 1.00949  0.00002  2496153
  895  1.00986  7.63290 | 1.00949  0.00002  2498349
  896  1.00942  7.63274 | 1.00949  0.00002  2501029
  897  1.00860  7.63294 | 1.00949  0.00002  2498756
  898  1.00937  7.63313 | 1.00949  0.00002  2501098
  899  1.00834  7.63323 | 1.00949  0.00002  2495442
  900  1.01057  7.63321 | 1.00949  0.00002  2490602
  901  1.00977  7.63278 | 1.00949  0.00002  2493153
  902  1.01011  7.63309 | 1.00949  0.00002  2493582
  903  1.00967  7.63298 | 1.00949  0.00002  2496557
  904  1.01048  7.63306 | 1.00949  0.00002  2493076
  905  1.00854  7.63336 | 1.00949  0.00002  2490183
  906  1.00927  7.63296 | 1.00949  0.00002  2492214
  907  1.00877  7.63273 | 1.00949  0.00002  2490748
  908  1.00963  7.63319 | 1.00949  0.00002  2493265
  909  1.00954  7.63348 | 1.00949  0.00002  2496257
  910  1.00894  7.63265 | 1.00949  0.00002  2495176
  911  1.00835  7.63306 | 1.00949  0.00002  2489406
  912  1.01049  7.63326 | 1.00949  0.00002  2485939
  913  1.00957  7.63286 | 1.00949  0.00002  2489178
  914  1.00784  7.63328 | 1.00949  0.00002  2473251
  915  1.00974  7.63300 | 1.00949  0.00002  2475352
  916  1.00997  7.63343 | 1.00949  0.00002  2476989
  917  1.00887  7.63336 | 1.00949  0.00002  2477539
  918  1.00916  7.63329 | 1.00949  0.00002  2477712
  919  1.00856  7.63309 | 1.00949  0.00002  2474839
  920  1.00930  7.63298 | 1.00949  0.00002  2477395
  921  1.00881  7.63306 | 1.00949  0.00002  2477493
  922  1.00982  7.63325 | 1.00949  0.00002  2479258
  923  1.00968  7.63325 | 1.00949  0.00002  2480542
  924  1.00890  7.63329 | 1.00949  0.00002  2480619
  925  1.00896  7.63326 | 1.00949  0.00002  2480728
  926  1.00933  7.63329 | 1.00949  0.00002  2483108
  927  1.00872  7.63324 | 1.00949  0.00002  2482247
  928  1.00757  7.63320 | 1.00948  0.00002  2461473
  929  1.00981  7.63275 | 1.00948  0.00002  2463576
  930  1.00862  7.63272 | 1.00948  0.00002  2461710
  931  1.00965  7.63284 | 1.00948  0.00002  2463657
  932  1.00878  7.63319 | 1.00948  0.00002  2462275
  933  1.00931  7.63295 | 1.00948  0.00002  2464298
  934  1.01047  7.63300 | 1.00948  0.00002  2461332
  935  1.01069  7.63307 | 1.00949  0.00002  2454073
  936  1.00895  7.63330 | 1.00949  0.00002  2455429
  937  1.00922  7.63301 | 1.00948  0.00002  2457451
  938  1.00965  7.63349 | 1.00948  0.00002  2460050
  939  1.00943  7.63321 | 1.00948  0.00002  2461731
  940  1.00917  7.63340 | 1.00948  0.00002  2462928
  941  1.00973  7.63319 | 1.00948  0.00002  2464980
  942  1.01010  7.63310 | 1.00949  0.00002  2464901
  943  1.00859  7.63343 | 1.00948  0.00002  2462848
  944  1.01001  7.63300 | 1.00949  0.00002  2464329
  945  1.01092  7.63306 | 1.00949  0.00002  2454817
  946  1.00855  7.63303 | 1.00949  0.00002  2451790
  947  1.01070  7.63338 | 1.00949  0.00002  2445723
  948  1.00861  7.63323 | 1.00949  0.00002  2444155
  949  1.00934  7.63336 | 1.00949  0.00002  2447152
  950  1.00889  7.63330 | 1.00949  0.00002  2448084
  951  1.00843  7.63298 | 1.00948  0.00002  2443832
  952  1.01026  7.63296 | 1.00948  0.00002  2442784
  953  1.00951  7.63300 | 1.00948  0.00002  2445836
  954  1.01040  7.63268 | 1.00949  0.00002  2443932
  955  1.00918  7.63269 | 1.00949  0.00002  2446169
  956  1.00915  7.63310 | 1.00949  0.00002  2448475
  957  1.00900  7.63279 | 1.00948  0.00002  2450159
  958  1.00906  7.63356 | 1.00948  0.00002  2452152
  959  1.00977  7.63335 | 1.00948  0.00002  2454735
  960  1.00865  7.63311 | 1.00948  0.00002  2453581
  961  1.01069  7.63293 | 1.00948  0.00002  2447899
  962  1.01006  7.63329 | 1.00949  0.00002  2448183
  963  1.01102  7.63347 | 1.00949  0.00002  2436238
  964  1.00963  7.63269 | 1.00949  0.00002  2437864
  965  1.00994  7.63318 | 1.00949  0.00002  2438914
  966  1.00943  7.63290 | 1.00949  0.00002  2441712
  967  1.01018  7.63296 | 1.00949  0.00002  2441264
  968  1.00918  7.63333 | 1.00949  0.00002  2443444
  969  1.01001  7.63293 | 1.00949  0.00002  2444136
  970  1.00884  7.63315 | 1.00949  0.00002  2444026
  971  1.00892  7.63341 | 1.00949  0.00002  2444541
  972  1.01132  7.63330 | 1.00949  0.00002  2427853
  973  1.01026  7.63298 | 1.00949  0.00002  2427239
  974  1.01003  7.63306 | 1.00949  0.00002  2428538
  975  1.00801  7.63357 | 1.00949  0.00002  2418872
  976  1.01026  7.63303 | 1.00949  0.00002  2418521
  977  1.00896  7.63326 | 1.00949  0.00002  2419855
  978  1.00898  7.63301 | 1.00949  0.00002  2421338
  979  1.01006  7.63320 | 1.00949  0.00002  2422424
  980  1.00911  7.63319 | 1.00949  0.00002  2424608
  981  1.01107  7.63336 | 1.00949  0.00002  2413284
  982  1.00933  7.63363 | 1.00949  0.00002  2416078
  983  1.00955  7.63306 | 1.00949  0.00002  2418939
  984  1.00871  7.63318 | 1.00949  0.00002  2418134
  985  1.01009  7.63308 | 1.00949  0.00002  2419089
  986  1.01027  7.63332 | 1.00949  0.00002  2417731
  987  1.00950  7.63293 | 1.00949  0.00002  2420516
  988  1.00965  7.63294 | 1.00949  0.00002  2423292
  989  1.01071  7.63302 | 1.00949  0.00002  2417791
  990  1.00913  7.63273 | 1.00949  0.00002  2420031
  991  1.00958  7.63278 | 1.00949  0.00002  2422914
  992  1.00997  7.63331 | 1.00949  0.00002  2424547
  993  1.00901  7.63348 | 1.00949  0.00002  2426161
  994  1.00916  7.63302 | 1.00949  0.00002  2428494
  995  1.01036  7.63271 | 1.00949  0.00002  2427102
  996  1.01014  7.63297 | 1.00949  0.00002  2427676
  997  1.01121  7.63297 | 1.00950  0.00002  2414142
  998  1.00997  7.63334 | 1.00950  0.00002  2415291
  999  1.00912  7.63302 | 1.00950  0.00002  2417459
 1000  1.00910  7.63328 | 1.00949  0.00002  2419493
 1001  1.00872  7.63318 | 1.00949  0.00002  2419015
 1002  1.00912  7.63351 | 1.00949  0.00002  2421124
 1003  1.00963  7.63320 | 1.00949  0.00002  2422258
 1004  1.00965  7.63328 | 1.00949  0.00002  2424998
 1005  1.00992  7.63295 | 1.00949  0.00002  2426805

 Average k = 1.00949 +/- 0.00002
