 99999.99m       1e+06 2.53010e-08 2019-06-16
Two group core XS                                                     2019-06-16
      0   0.000000      0   0.000000      0   0.000000      0   0.000000
      0   0.000000      0   0.000000      0   0.000000      0   0.000000
      0   0.000000      0   0.000000      0   0.000000      0   0.000000
      0   0.000000      0   0.000000      0   0.000000      0   0.000000
       21    99999        0        0        2        1        1        0
        0        1        0        1        0        0        0        0
        1        5        7        9       11       13        0        0
        0        0        0        0       15        0        0       20
       21        0        0        0        0        0        0        0
        0        0        0        0        0        0        0        0
       50.0000003125           3.125e-07        99.999999375            6.25e-07
               0.276               1.063             0.00339               0.074
                 2.5                 2.5                   1                   0
             0.00861               0.047                  16                0.25
               0.014                   0               0.942                   0
                   0                                                            
