 99998.99m       1e+06 2.53010e-08 2019-06-16
Two group reflector XS                                                2019-06-16
      0   0.000000      0   0.000000      0   0.000000      0   0.000000
      0   0.000000      0   0.000000      0   0.000000      0   0.000000
      0   0.000000      0   0.000000      0   0.000000      0   0.000000
      0   0.000000      0   0.000000      0   0.000000      0   0.000000
       21    99999        0        0        2        1        1        0
        0        1        0        1        0        0        0        0
        1        5        7        9       11       13        0        0
        0        0        0        0       15        0        0       20
       21        0        0        0        0        0        0        0
        0        0        0        0        0        0        0        0
       50.0000003125           3.125e-07        99.999999375            6.25e-07
               0.295                 2.1                   0                   0
                   0                   0                   0                   0
              0.0004                0.02                  16              0.2456
               0.049                   0                2.08                   0
                   0                                                            
