 Initial multiplication factor: 1.00021

 Gen   Keff     Entropy
 ----------------------
    1  0.99831  7.64370
    2  1.00157  7.62985
    3  1.00347  7.62414
    4  1.00652  7.62133
    5  1.00840  7.62055
    6  1.00833  7.61929
    7  1.00883  7.61874
    8  1.00875  7.61918
    9  1.00988  7.61909
   10  1.00838  7.61901
   11  1.00914  7.61836
   12  1.00797  7.61849
   13  1.00879  7.61796
   14  1.00926  7.61860
   15  1.00915  7.61795
 --------------------------------------------------
 Gen   Keff     Entropy | Kavg     STD      FOM    
 --------------------------------------------------
   16  1.00850  7.61883
   17  1.00920  7.61859 | 1.00885  0.00035   200246
   18  1.00889  7.61881 | 1.00886  0.00020   398436
   19  1.01009  7.61852 | 1.00917  0.00034   107523
   20  1.00760  7.61809 | 1.00886  0.00041    58920
   21  1.00936  7.61835 | 1.00894  0.00034    69276
   22  1.00788  7.61868 | 1.00879  0.00033    65370
   23  1.00979  7.61849 | 1.00891  0.00031    63877
   24  1.00940  7.61833 | 1.00897  0.00028    70285
   25  1.00973  7.61906 | 1.00904  0.00026    72277
   26  1.00921  7.61879 | 1.00906  0.00024    79981
   27  1.00831  7.61877 | 1.00900  0.00022    81247
   28  1.01009  7.61839 | 1.00908  0.00022    75959
   29  1.00945  7.61782 | 1.00911  0.00021    80987
   30  1.00872  7.61881 | 1.00908  0.00020    85713
   31  1.00942  7.61903 | 1.00910  0.00018    90652
   32  1.00757  7.61867 | 1.00901  0.00020    75921
   33  1.00867  7.61808 | 1.00899  0.00018    79835
   34  1.00854  7.61799 | 1.00897  0.00018    82978
   35  1.01056  7.61739 | 1.00905  0.00019    71535
   36  1.00949  7.61800 | 1.00907  0.00018    74246
   37  1.00772  7.61844 | 1.00901  0.00018    68909
   38  1.00927  7.61760 | 1.00902  0.00017    71885
   39  1.00818  7.61809 | 1.00898  0.00017    71915
   40  1.00822  7.61850 | 1.00895  0.00016    72463
   41  1.00831  7.61882 | 1.00893  0.00016    73650
   42  1.00732  7.61841 | 1.00887  0.00017    66586
   43  1.00876  7.61844 | 1.00887  0.00016    69104
   44  1.00958  7.61886 | 1.00889  0.00016    69890
   45  1.00867  7.61903 | 1.00888  0.00015    72210
   46  1.00900  7.61848 | 1.00889  0.00015    74654
   47  1.00873  7.61870 | 1.00888  0.00014    77049
   48  1.00809  7.61882 | 1.00886  0.00014    77171
   49  1.00782  7.61834 | 1.00883  0.00014    75661
   50  1.00874  7.61767 | 1.00882  0.00013    77926
   51  1.00937  7.61823 | 1.00884  0.00013    79151
   52  1.00903  7.61882 | 1.00884  0.00013    81283
   53  1.01081  7.61851 | 1.00890  0.00013    71269
   54  1.00789  7.61845 | 1.00887  0.00013    70442
   55  1.00853  7.61884 | 1.00886  0.00013    71991
   56  1.01014  7.61855 | 1.00889  0.00013    69638
   57  1.00892  7.61848 | 1.00889  0.00013    71371
   58  1.00838  7.61839 | 1.00888  0.00013    72436
   59  1.00900  7.61799 | 1.00888  0.00012    74126
   60  1.01019  7.61821 | 1.00891  0.00012    71653
   61  1.00876  7.61793 | 1.00891  0.00012    73223
   62  1.00852  7.61827 | 1.00890  0.00012    74483
   63  1.00934  7.61805 | 1.00891  0.00012    75639
   64  1.00858  7.61923 | 1.00890  0.00011    76975
   65  1.00822  7.61888 | 1.00889  0.00011    77429
   66  1.00817  7.61841 | 1.00888  0.00011    77732
   67  1.01011  7.61790 | 1.00890  0.00011    75727
   68  1.00840  7.61767 | 1.00889  0.00011    76649
   69  1.00995  7.61764 | 1.00891  0.00011    75645
   70  1.00780  7.61861 | 1.00889  0.00011    74468
   71  1.00933  7.61791 | 1.00890  0.00011    75452
   72  1.00955  7.61846 | 1.00891  0.00011    75952
   73  1.01060  7.61835 | 1.00894  0.00011    71729
   74  1.01031  7.61814 | 1.00896  0.00011    69682
   75  1.00877  7.61808 | 1.00896  0.00011    70810
   76  1.00791  7.61821 | 1.00894  0.00011    70164
   77  1.00942  7.61862 | 1.00895  0.00011    70953
   78  1.00774  7.61858 | 1.00893  0.00011    69742
   79  1.00809  7.61804 | 1.00892  0.00010    69758
   80  1.00883  7.61801 | 1.00892  0.00010    70855
   81  1.00997  7.61886 | 1.00893  0.00010    70217
   82  1.00912  7.61846 | 1.00893  0.00010    71242
   83  1.00825  7.61844 | 1.00892  0.00010    71585
   84  1.00882  7.61817 | 1.00892  0.00010    72634
   85  1.00842  7.61800 | 1.00892  0.00010    73310
   86  1.00858  7.61755 | 1.00891  0.00010    74195
   87  1.00875  7.61824 | 1.00891  0.00010    75212
   88  1.00945  7.61797 | 1.00892  0.00009    75800
   89  1.00974  7.61785 | 1.00893  0.00009    75760
   90  1.00886  7.61818 | 1.00893  0.00009    76791
   91  1.00909  7.61771 | 1.00893  0.00009    77782
   92  1.00802  7.61790 | 1.00892  0.00009    77490
   93  1.00847  7.61805 | 1.00891  0.00009    78185
   94  1.00941  7.61837 | 1.00892  0.00009    78793
   95  1.00922  7.61838 | 1.00892  0.00009    79649
   96  1.00945  7.61789 | 1.00893  0.00009    80198
   97  1.00811  7.61843 | 1.00892  0.00009    80108
   98  1.00966  7.61895 | 1.00893  0.00009    80221
   99  1.00733  7.61815 | 1.00891  0.00009    77294
  100  1.01005  7.61825 | 1.00892  0.00009    76357
  101  1.00939  7.61813 | 1.00893  0.00009    76955
  102  1.00861  7.61876 | 1.00892  0.00009    77714
  103  1.00884  7.61795 | 1.00892  0.00008    78609
  104  1.00891  7.61848 | 1.00892  0.00008    79511
  105  1.00941  7.61854 | 1.00893  0.00008    80077
  106  1.00995  7.61854 | 1.00894  0.00008    79466
  107  1.00917  7.61805 | 1.00894  0.00008    80271
  108  1.00874  7.61817 | 1.00894  0.00008    81100
  109  1.00931  7.61862 | 1.00894  0.00008    81784
  110  1.01071  7.61792 | 1.00896  0.00008    78313
  111  1.00865  7.61791 | 1.00896  0.00008    79019
  112  1.00921  7.61771 | 1.00896  0.00008    79767
  113  1.00958  7.61871 | 1.00897  0.00008    80077
  114  1.00841  7.61908 | 1.00896  0.00008    80488
  115  1.00908  7.61856 | 1.00896  0.00008    81300
  116  1.00725  7.61873 | 1.00895  0.00008    78310
  117  1.00995  7.61859 | 1.00896  0.00008    77860
  118  1.00931  7.61760 | 1.00896  0.00008    78473
  119  1.00802  7.61823 | 1.00895  0.00008    78167
  120  1.00912  7.61823 | 1.00895  0.00008    78889
  121  1.00864  7.61796 | 1.00895  0.00008    79527
  122  1.00882  7.61791 | 1.00895  0.00008    80264
  123  1.01007  7.61841 | 1.00896  0.00008    79497
  124  1.00856  7.61843 | 1.00895  0.00008    80051
  125  1.00907  7.61780 | 1.00896  0.00007    80776
  126  1.00831  7.61835 | 1.00895  0.00007    81019
  127  1.00994  7.61844 | 1.00896  0.00007    80591
  128  1.00826  7.61837 | 1.00895  0.00007    80730
  129  1.00975  7.61890 | 1.00896  0.00007    80713
  130  1.00891  7.61833 | 1.00896  0.00007    81424
  131  1.00930  7.61770 | 1.00896  0.00007    82003
  132  1.01067  7.61829 | 1.00898  0.00007    79399
  133  1.00967  7.61833 | 1.00898  0.00007    79552
  134  1.00926  7.61801 | 1.00898  0.00007    80149
  135  1.00822  7.61822 | 1.00898  0.00007    80178
  136  1.00997  7.61858 | 1.00899  0.00007    79775
  137  1.00864  7.61864 | 1.00898  0.00007    80311
  138  1.00942  7.61846 | 1.00899  0.00007    80772
  139  1.00816  7.61820 | 1.00898  0.00007    80702
  140  1.00878  7.61893 | 1.00898  0.00007    81316
  141  1.01166  7.61782 | 1.00900  0.00007    74851
  142  1.00921  7.61822 | 1.00900  0.00007    75410
  143  1.00873  7.61788 | 1.00900  0.00007    75940
  144  1.00995  7.61811 | 1.00901  0.00007    75716
  145  1.00993  7.61765 | 1.00901  0.00007    75532
  146  1.00936  7.61745 | 1.00902  0.00007    76013
  147  1.00807  7.61802 | 1.00901  0.00007    75796
  148  1.00916  7.61871 | 1.00901  0.00007    76357
  149  1.01046  7.61878 | 1.00902  0.00007    75103
  150  1.01008  7.61894 | 1.00903  0.00007    74719
  151  1.00826  7.61778 | 1.00902  0.00007    74777
  152  1.00795  7.61865 | 1.00902  0.00007    74372
  153  1.00961  7.61762 | 1.00902  0.00007    74630
  154  1.00889  7.61850 | 1.00902  0.00007    75160
  155  1.00814  7.61841 | 1.00901  0.00007    75067
  156  1.00893  7.61860 | 1.00901  0.00007    75602
  157  1.00956  7.61803 | 1.00902  0.00007    75889
  158  1.00926  7.61786 | 1.00902  0.00007    76375
  159  1.01084  7.61797 | 1.00903  0.00007    74231
  160  1.00903  7.61816 | 1.00903  0.00007    74751
  161  1.00763  7.61854 | 1.00902  0.00007    73760
  162  1.00936  7.61749 | 1.00902  0.00007    74182
  163  1.00883  7.61835 | 1.00902  0.00007    74660
  164  1.00928  7.61825 | 1.00902  0.00007    75115
  165  1.00971  7.61799 | 1.00903  0.00007    75263
  166  1.00928  7.61853 | 1.00903  0.00007    75720
  167  1.00838  7.61806 | 1.00903  0.00007    75894
  168  1.00818  7.61781 | 1.00902  0.00007    75839
  169  1.00837  7.61815 | 1.00902  0.00006    76009
  170  1.00730  7.61846 | 1.00900  0.00007    74309
  171  1.00966  7.61906 | 1.00901  0.00007    74477
  172  1.00916  7.61843 | 1.00901  0.00006    74941
  173  1.01015  7.61826 | 1.00902  0.00006    74479
  174  1.00957  7.61778 | 1.00902  0.00006    74735
  175  1.00896  7.61830 | 1.00902  0.00006    75206
  176  1.00889  7.61791 | 1.00902  0.00006    75666
  177  1.01018  7.61832 | 1.00903  0.00006    75168
  178  1.00929  7.61804 | 1.00903  0.00006    75585
  179  1.00874  7.61789 | 1.00903  0.00006    75993
  180  1.00894  7.61845 | 1.00903  0.00006    76454
  181  1.00897  7.61849 | 1.00903  0.00006    76918
  182  1.00987  7.61831 | 1.00903  0.00006    76869
  183  1.00970  7.61781 | 1.00903  0.00006    77007
  184  1.00991  7.61853 | 1.00904  0.00006    76925
  185  1.00865  7.61825 | 1.00904  0.00006    77274
  186  1.00775  7.61771 | 1.00903  0.00006    76559
  187  1.00844  7.61782 | 1.00903  0.00006    76762
  188  1.00924  7.61829 | 1.00903  0.00006    77181
  189  1.00851  7.61878 | 1.00902  0.00006    77441
  190  1.00908  7.61812 | 1.00902  0.00006    77887
  191  1.00924  7.61855 | 1.00903  0.00006    78299
  192  1.00878  7.61806 | 1.00902  0.00006    78702
  193  1.00994  7.61819 | 1.00903  0.00006    78555
  194  1.00953  7.61771 | 1.00903  0.00006    78824
  195  1.00899  7.61787 | 1.00903  0.00006    79265
  196  1.01012  7.61872 | 1.00904  0.00006    78869
  197  1.00798  7.61810 | 1.00903  0.00006    78529
  198  1.01003  7.61837 | 1.00904  0.00006    78283
  199  1.00875  7.61828 | 1.00904  0.00006    78656
  200  1.00866  7.61842 | 1.00903  0.00006    78987
  201  1.01107  7.61798 | 1.00905  0.00006    76650
  202  1.00782  7.61784 | 1.00904  0.00006    76101
  203  1.00936  7.61786 | 1.00904  0.00006    76448
  204  1.00937  7.61856 | 1.00904  0.00006    76787
  205  1.00886  7.61859 | 1.00904  0.00006    77176
  206  1.00842  7.61848 | 1.00904  0.00006    77339
  207  1.00870  7.61823 | 1.00904  0.00006    77673
  208  1.00988  7.61837 | 1.00904  0.00006    77627
  209  1.00983  7.61896 | 1.00904  0.00006    77632
  210  1.00940  7.61854 | 1.00905  0.00006    77952
  211  1.00923  7.61852 | 1.00905  0.00006    78334
  212  1.00801  7.61830 | 1.00904  0.00006    78055
  213  1.00926  7.61911 | 1.00904  0.00006    78422
  214  1.00881  7.61886 | 1.00904  0.00006    78783
  215  1.00880  7.61873 | 1.00904  0.00006    79142
  216  1.00811  7.61870 | 1.00904  0.00006    78987
  217  1.00865  7.61850 | 1.00903  0.00006    79284
  218  1.00944  7.61853 | 1.00904  0.00006    79574
  219  1.00908  7.61883 | 1.00904  0.00005    79967
  220  1.00911  7.61932 | 1.00904  0.00005    80357
  221  1.00948  7.61856 | 1.00904  0.00005    80625
  222  1.00949  7.61816 | 1.00904  0.00005    80886
  223  1.00984  7.61838 | 1.00905  0.00005    80867
  224  1.00927  7.61866 | 1.00905  0.00005    81224
  225  1.00898  7.61820 | 1.00905  0.00005    81612
  226  1.00895  7.61857 | 1.00905  0.00005    81996
  227  1.00924  7.61855 | 1.00905  0.00005    82363
  228  1.00932  7.61846 | 1.00905  0.00005    82705
  229  1.00909  7.61765 | 1.00905  0.00005    83092
  230  1.00863  7.61843 | 1.00905  0.00005    83368
  231  1.00971  7.61881 | 1.00905  0.00005    83469
  232  1.00903  7.61837 | 1.00905  0.00005    83857
  233  1.01054  7.61832 | 1.00906  0.00005    82798
  234  1.00918  7.61873 | 1.00906  0.00005    83168
  235  1.00821  7.61859 | 1.00905  0.00005    83089
  236  1.00902  7.61783 | 1.00905  0.00005    83469
  237  1.00832  7.61915 | 1.00905  0.00005    83498
  238  1.00888  7.61922 | 1.00905  0.00005    83859
  239  1.00972  7.61881 | 1.00905  0.00005    83945
  240  1.00894  7.61893 | 1.00905  0.00005    84313
  241  1.00908  7.61837 | 1.00905  0.00005    84689
  242  1.00883  7.61846 | 1.00905  0.00005    85032
  243  1.00909  7.61866 | 1.00905  0.00005    85407
  244  1.00798  7.61883 | 1.00905  0.00005    85037
  245  1.00913  7.61883 | 1.00905  0.00005    85407
  246  1.00847  7.61907 | 1.00904  0.00005    85569
  247  1.01089  7.61874 | 1.00905  0.00005    83782
  248  1.00967  7.61877 | 1.00905  0.00005    83908
  249  1.00801  7.61880 | 1.00905  0.00005    83601
  250  1.00926  7.61844 | 1.00905  0.00005    83934
  251  1.00910  7.61845 | 1.00905  0.00005    84291
  252  1.00899  7.61792 | 1.00905  0.00005    84648
  253  1.00946  7.61803 | 1.00905  0.00005    84904
  254  1.00891  7.61796 | 1.00905  0.00005    85249
  255  1.00846  7.61794 | 1.00905  0.00005    85390
  256  1.00950  7.61753 | 1.00905  0.00005    85618
  257  1.00915  7.61715 | 1.00905  0.00005    85968
  258  1.00859  7.61833 | 1.00905  0.00005    86192
  259  1.00810  7.61828 | 1.00905  0.00005    85985
  260  1.01025  7.61783 | 1.00905  0.00005    85452
  261  1.00945  7.61752 | 1.00905  0.00005    85706
  262  1.00819  7.61744 | 1.00905  0.00005    85604
  263  1.00891  7.61815 | 1.00905  0.00005    85941
  264  1.00910  7.61788 | 1.00905  0.00005    86288
  265  1.00879  7.61854 | 1.00905  0.00005    86595
  266  1.00957  7.61781 | 1.00905  0.00005    86772
  267  1.00921  7.61792 | 1.00905  0.00005    87104
  268  1.01106  7.61806 | 1.00906  0.00005    85021
  269  1.00851  7.61806 | 1.00906  0.00005    85183
  270  1.00969  7.61804 | 1.00906  0.00005    85288
  271  1.00731  7.61796 | 1.00905  0.00005    83878
  272  1.00848  7.61768 | 1.00905  0.00005    84022
  273  1.00941  7.61814 | 1.00905  0.00005    84278
  274  1.00998  7.61812 | 1.00905  0.00005    84124
  275  1.00854  7.61795 | 1.00905  0.00005    84304
  276  1.00908  7.61810 | 1.00905  0.00005    84629
  277  1.00989  7.61839 | 1.00906  0.00005    84567
  278  1.00934  7.61904 | 1.00906  0.00005    84844
  279  1.00796  7.61875 | 1.00905  0.00005    84494
  280  1.00891  7.61877 | 1.00905  0.00005    84804
  281  1.00848  7.61879 | 1.00905  0.00005    84946
  282  1.00966  7.61832 | 1.00905  0.00005    85058
  283  1.00875  7.61893 | 1.00905  0.00005    85329
  284  1.00785  7.61907 | 1.00905  0.00005    84856
  285  1.00851  7.61847 | 1.00904  0.00005    85015
  286  1.00879  7.61845 | 1.00904  0.00005    85294
  287  1.00845  7.61844 | 1.00904  0.00005    85418
  288  1.00983  7.61804 | 1.00904  0.00005    85394
  289  1.00875  7.61840 | 1.00904  0.00005    85660
  290  1.01005  7.61860 | 1.00905  0.00005    85424
  291  1.00942  7.61865 | 1.00905  0.00005    85660
  292  1.00897  7.61811 | 1.00905  0.00005    85968
  293  1.00915  7.61852 | 1.00905  0.00005    86272
  294  1.00790  7.61880 | 1.00904  0.00005    85866
  295  1.00931  7.61829 | 1.00905  0.00005    86136
  296  1.00965  7.61766 | 1.00905  0.00005    86248
  297  1.00846  7.61864 | 1.00905  0.00004    86370
  298  1.00964  7.61795 | 1.00905  0.00004    86487
  299  1.00813  7.61846 | 1.00904  0.00004    86343
  300  1.00807  7.61847 | 1.00904  0.00004    86143
  301  1.00959  7.61786 | 1.00904  0.00004    86286
  302  1.01017  7.61851 | 1.00905  0.00004    85919
  303  1.00815  7.61874 | 1.00904  0.00004    85802
  304  1.01014  7.61830 | 1.00905  0.00004    85482
  305  1.00814  7.61879 | 1.00904  0.00004    85356
  306  1.00865  7.61884 | 1.00904  0.00004    85573
  307  1.00779  7.61839 | 1.00904  0.00004    85066
  308  1.00924  7.61839 | 1.00904  0.00004    85337
  309  1.00973  7.61883 | 1.00904  0.00004    85389
  310  1.00896  7.61918 | 1.00904  0.00004    85677
  311  1.00908  7.61867 | 1.00904  0.00004    85967
  312  1.00915  7.61910 | 1.00904  0.00004    86252
  313  1.00979  7.61821 | 1.00904  0.00004    86261
  314  1.00919  7.61855 | 1.00904  0.00004    86541
  315  1.00902  7.61829 | 1.00904  0.00004    86832
  316  1.00845  7.61820 | 1.00904  0.00004    86945
  317  1.00941  7.61768 | 1.00904  0.00004    87167
  318  1.00924  7.61752 | 1.00904  0.00004    87436
  319  1.00945  7.61788 | 1.00905  0.00004    87640
  320  1.00965  7.61888 | 1.00905  0.00004    87744
  321  1.00896  7.61857 | 1.00905  0.00004    88028
  322  1.00868  7.61868 | 1.00905  0.00004    88246
  323  1.00789  7.61779 | 1.00904  0.00004    87845
  324  1.00767  7.61798 | 1.00904  0.00004    87181
  325  1.00992  7.61771 | 1.00904  0.00004    87079
  326  1.00956  7.61757 | 1.00904  0.00004    87224
  327  1.00952  7.61768 | 1.00904  0.00004    87391
  328  1.00976  7.61801 | 1.00905  0.00004    87417
  329  1.00979  7.61833 | 1.00905  0.00004    87421
  330  1.00942  7.61831 | 1.00905  0.00004    87633
  331  1.00980  7.61812 | 1.00905  0.00004    87635
  332  1.00957  7.61838 | 1.00905  0.00004    87780
  333  1.00914  7.61824 | 1.00905  0.00004    88054
  334  1.00851  7.61884 | 1.00905  0.00004    88186
  335  1.00841  7.61845 | 1.00905  0.00004    88260
  336  1.00921  7.61805 | 1.00905  0.00004    88525
  337  1.00949  7.61827 | 1.00905  0.00004    88703
  338  1.00868  7.61735 | 1.00905  0.00004    88912
  339  1.00866  7.61799 | 1.00905  0.00004    89112
  340  1.00874  7.61884 | 1.00905  0.00004    89340
  341  1.00723  7.61878 | 1.00904  0.00004    87987
  342  1.00909  7.61868 | 1.00904  0.00004    88257
  343  1.00950  7.61813 | 1.00905  0.00004    88424
  344  1.00751  7.61828 | 1.00904  0.00004    87561
  345  1.00935  7.61808 | 1.00904  0.00004    87781
  346  1.00873  7.61887 | 1.00904  0.00004    88001
  347  1.00924  7.61888 | 1.00904  0.00004    88249
  348  1.00848  7.61911 | 1.00904  0.00004    88366
  349  1.01135  7.61878 | 1.00905  0.00004    86138
  350  1.00794  7.61801 | 1.00904  0.00004    85848
  351  1.00925  7.61711 | 1.00904  0.00004    86087
  352  1.00873  7.61749 | 1.00904  0.00004    86300
  353  1.01083  7.61808 | 1.00905  0.00004    85142
  354  1.00866  7.61771 | 1.00905  0.00004    85328
  355  1.01090  7.61741 | 1.00905  0.00004    84106
  356  1.00901  7.61822 | 1.00905  0.00004    84353
  357  1.00983  7.61828 | 1.00905  0.00004    84346
  358  1.01064  7.61813 | 1.00906  0.00004    83532
  359  1.00847  7.61777 | 1.00906  0.00004    83631
  360  1.00915  7.61784 | 1.00906  0.00004    83872
  361  1.00802  7.61860 | 1.00905  0.00004    83670
  362  1.00906  7.61815 | 1.00905  0.00004    83913
  363  1.00998  7.61741 | 1.00906  0.00004    83800
  364  1.00977  7.61854 | 1.00906  0.00004    83834
  365  1.00846  7.61797 | 1.00906  0.00004    83924
  366  1.00943  7.61811 | 1.00906  0.00004    84107
  367  1.00948  7.61808 | 1.00906  0.00004    84273
  368  1.00947  7.61826 | 1.00906  0.00004    84444
  369  1.00950  7.61829 | 1.00906  0.00004    84606
  370  1.00869  7.61789 | 1.00906  0.00004    84789
  371  1.00941  7.61836 | 1.00906  0.00004    84980
  372  1.00768  7.61756 | 1.00906  0.00004    84437
  373  1.00900  7.61837 | 1.00906  0.00004    84673
  374  1.00906  7.61851 | 1.00906  0.00004    84909
  375  1.00807  7.61836 | 1.00906  0.00004    84748
  376  1.00832  7.61813 | 1.00905  0.00004    84762
  377  1.00996  7.61842 | 1.00906  0.00004    84668
  378  1.01125  7.61873 | 1.00906  0.00004    82999
  379  1.00846  7.61821 | 1.00906  0.00004    83086
  380  1.01053  7.61783 | 1.00906  0.00004    82487
  381  1.01042  7.61823 | 1.00907  0.00004    82016
  382  1.00695  7.61877 | 1.00906  0.00004    80587
  383  1.00733  7.61873 | 1.00906  0.00004    79732
  384  1.00805  7.61834 | 1.00905  0.00004    79592
  385  1.00892  7.61877 | 1.00905  0.00004    79802
  386  1.00949  7.61838 | 1.00906  0.00004    79951
  387  1.01104  7.61817 | 1.00906  0.00004    78802
  388  1.00954  7.61902 | 1.00906  0.00004    78937
  389  1.00975  7.61830 | 1.00906  0.00004    78988
  390  1.00902  7.61836 | 1.00906  0.00004    79199
  391  1.00776  7.61770 | 1.00906  0.00004    78830
  392  1.01140  7.61771 | 1.00907  0.00004    77233
  393  1.00902  7.61841 | 1.00907  0.00004    77438
  394  1.00950  7.61817 | 1.00907  0.00004    77583
  395  1.00861  7.61887 | 1.00907  0.00004    77720
  396  1.00962  7.61829 | 1.00907  0.00004    77827
  397  1.00959  7.61770 | 1.00907  0.00004    77942
  398  1.00890  7.61761 | 1.00907  0.00004    78137
  399  1.00853  7.61804 | 1.00907  0.00004    78245
  400  1.00904  7.61779 | 1.00907  0.00004    78450
  401  1.00909  7.61773 | 1.00907  0.00004    78653
  402  1.00917  7.61796 | 1.00907  0.00004    78854
  403  1.00779  7.61835 | 1.00906  0.00004    78524
  404  1.00864  7.61867 | 1.00906  0.00004    78668
  405  1.00851  7.61898 | 1.00906  0.00004    78770
  406  1.00940  7.61832 | 1.00906  0.00004    78935
  407  1.00788  7.61803 | 1.00906  0.00004    78682
  408  1.00980  7.61827 | 1.00906  0.00004    78707
  409  1.00997  7.61805 | 1.00906  0.00004    78639
  410  1.00901  7.61869 | 1.00906  0.00004    78838
  411  1.00894  7.61857 | 1.00906  0.00004    79034
  412  1.00950  7.61764 | 1.00906  0.00004    79172
  413  1.00884  7.61846 | 1.00906  0.00004    79356
  414  1.00876  7.61779 | 1.00906  0.00004    79526
  415  1.00921  7.61780 | 1.00906  0.00004    79719
  416  1.00815  7.61823 | 1.00906  0.00004    79651
  417  1.00908  7.61831 | 1.00906  0.00004    79850
  418  1.00936  7.61828 | 1.00906  0.00004    80020
  419  1.00951  7.61814 | 1.00906  0.00004    80156
  420  1.01035  7.61876 | 1.00907  0.00004    79820
  421  1.00933  7.61860 | 1.00907  0.00004    79995
  422  1.00791  7.61800 | 1.00906  0.00004    79760
  423  1.00788  7.61829 | 1.00906  0.00004    79510
  424  1.00935  7.61773 | 1.00906  0.00004    79680
  425  1.01003  7.61798 | 1.00906  0.00004    79581
  426  1.00898  7.61843 | 1.00906  0.00004    79773
  427  1.00916  7.61752 | 1.00906  0.00004    79965
  428  1.00937  7.61858 | 1.00907  0.00004    80131
  429  1.00712  7.61847 | 1.00906  0.00004    79145
  430  1.00867  7.61891 | 1.00906  0.00004    79290
  431  1.00861  7.61876 | 1.00906  0.00004    79418
  432  1.00826  7.61870 | 1.00906  0.00004    79414
  433  1.00902  7.61808 | 1.00906  0.00004    79604
  434  1.00837  7.61797 | 1.00905  0.00004    79651
  435  1.00923  7.61833 | 1.00906  0.00004    79832
  436  1.01059  7.61833 | 1.00906  0.00004    79301
  437  1.00920  7.61859 | 1.00906  0.00004    79484
  438  1.01024  7.61877 | 1.00906  0.00004    79246
  439  1.00914  7.61937 | 1.00906  0.00004    79432
  440  1.00898  7.61868 | 1.00906  0.00004    79618
  441  1.00899  7.61831 | 1.00906  0.00004    79804
  442  1.00807  7.61860 | 1.00906  0.00004    79689
  443  1.00959  7.61860 | 1.00906  0.00004    79793
  444  1.00965  7.61870 | 1.00906  0.00004    79876
  445  1.00863  7.61800 | 1.00906  0.00004    80007
  446  1.00880  7.61817 | 1.00906  0.00004    80173
  447  1.00938  7.61773 | 1.00906  0.00004    80329
  448  1.00924  7.61824 | 1.00906  0.00004    80506
  449  1.00912  7.61847 | 1.00906  0.00004    80692
  450  1.00935  7.61818 | 1.00906  0.00004    80853
  451  1.00922  7.61854 | 1.00906  0.00004    81031
  452  1.00750  7.61810 | 1.00906  0.00004    80470
  453  1.00915  7.61807 | 1.00906  0.00004    80653
  454  1.00915  7.61847 | 1.00906  0.00004    80835
  455  1.00941  7.61832 | 1.00906  0.00004    80982
  456  1.00760  7.61803 | 1.00906  0.00004    80519
  457  1.01059  7.61774 | 1.00906  0.00004    80001
  458  1.00946  7.61777 | 1.00906  0.00004    80137
  459  1.00920  7.61808 | 1.00906  0.00004    80313
  460  1.00964  7.61816 | 1.00906  0.00004    80396
  461  1.00979  7.61802 | 1.00906  0.00004    80421
  462  1.00860  7.61852 | 1.00906  0.00004    80539
  463  1.00890  7.61872 | 1.00906  0.00004    80712
  464  1.00951  7.61862 | 1.00906  0.00004    80834
  465  1.01042  7.61802 | 1.00907  0.00004    80475
  466  1.00838  7.61831 | 1.00907  0.00004    80513
  467  1.00971  7.61839 | 1.00907  0.00004    80572
  468  1.00799  7.61846 | 1.00906  0.00004    80410
  469  1.00824  7.61852 | 1.00906  0.00004    80389
  470  1.00825  7.61886 | 1.00906  0.00004    80375
  471  1.00872  7.61869 | 1.00906  0.00004    80518
  472  1.00959  7.61816 | 1.00906  0.00004    80614
  473  1.01018  7.61854 | 1.00906  0.00004    80433
  474  1.00908  7.61853 | 1.00906  0.00004    80608
  475  1.00879  7.61812 | 1.00906  0.00004    80762
  476  1.00902  7.61791 | 1.00906  0.00004    80938
  477  1.00852  7.61813 | 1.00906  0.00004    81029
  478  1.00833  7.61823 | 1.00906  0.00004    81051
  479  1.00877  7.61832 | 1.00906  0.00004    81203
  480  1.00850  7.61870 | 1.00906  0.00004    81289
  481  1.00945  7.61849 | 1.00906  0.00004    81420
  482  1.00896  7.61825 | 1.00906  0.00004    81593
  483  1.00918  7.61808 | 1.00906  0.00004    81764
  484  1.00959  7.61791 | 1.00906  0.00004    81855
  485  1.00940  7.61783 | 1.00906  0.00004    81996
  486  1.00949  7.61845 | 1.00906  0.00004    82117
  487  1.00959  7.61783 | 1.00906  0.00004    82212
  488  1.00831  7.61804 | 1.00906  0.00004    82219
  489  1.01018  7.61834 | 1.00906  0.00004    82028
  490  1.00863  7.61871 | 1.00906  0.00004    82147
  491  1.00967  7.61869 | 1.00906  0.00004    82215
  492  1.00805  7.61908 | 1.00906  0.00004    82088
  493  1.00800  7.61926 | 1.00906  0.00004    81938
  494  1.00911  7.61925 | 1.00906  0.00004    82109
  495  1.00760  7.61898 | 1.00906  0.00004    81668
  496  1.00896  7.61814 | 1.00906  0.00004    81836
  497  1.00990  7.61847 | 1.00906  0.00004    81804
  498  1.00982  7.61816 | 1.00906  0.00004    81809
  499  1.00806  7.61866 | 1.00906  0.00004    81698
  500  1.00800  7.61854 | 1.00906  0.00004    81555
  501  1.00900  7.61882 | 1.00906  0.00004    81723
  502  1.00865  7.61895 | 1.00906  0.00004    81844
  503  1.00894  7.61904 | 1.00906  0.00004    82008
  504  1.00934  7.61868 | 1.00906  0.00003    82154
  505  1.00846  7.61857 | 1.00905  0.00003    82222
  506  1.00914  7.61826 | 1.00905  0.00003    82388
  507  1.01026  7.61874 | 1.00906  0.00003    82150
  508  1.01004  7.61851 | 1.00906  0.00003    82050
  509  1.00928  7.61857 | 1.00906  0.00003    82204
  510  1.00904  7.61834 | 1.00906  0.00003    82370
  511  1.00994  7.61819 | 1.00906  0.00003    82321
  512  1.00970  7.61841 | 1.00906  0.00003    82373
  513  1.01029  7.61767 | 1.00907  0.00003    82123
  514  1.00940  7.61842 | 1.00907  0.00003    82257
  515  1.00937  7.61786 | 1.00907  0.00003    82397
  516  1.00845  7.61839 | 1.00907  0.00003    82456
  517  1.00994  7.61806 | 1.00907  0.00003    82408
  518  1.00962  7.61845 | 1.00907  0.00003    82487
  519  1.00896  7.61819 | 1.00907  0.00003    82648
  520  1.00860  7.61830 | 1.00907  0.00003    82753
  521  1.00958  7.61762 | 1.00907  0.00003    82844
  522  1.00924  7.61823 | 1.00907  0.00003    83000
  523  1.01029  7.61874 | 1.00907  0.00003    82752
  524  1.01027  7.61866 | 1.00907  0.00003    82519
  525  1.00865  7.61807 | 1.00907  0.00003    82633
  526  1.00916  7.61801 | 1.00907  0.00003    82793
  527  1.00936  7.61835 | 1.00907  0.00003    82934
  528  1.00886  7.61780 | 1.00907  0.00003    83084
  529  1.00834  7.61854 | 1.00907  0.00003    83101
  530  1.00845  7.61788 | 1.00907  0.00003    83158
  531  1.00983  7.61849 | 1.00907  0.00003    83161
  532  1.00995  7.61897 | 1.00907  0.00003    83110
  533  1.01034  7.61806 | 1.00908  0.00003    82836
  534  1.01023  7.61848 | 1.00908  0.00003    82640
  535  1.01022  7.61806 | 1.00908  0.00003    82452
  536  1.00930  7.61792 | 1.00908  0.00003    82598
  537  1.00863  7.61810 | 1.00908  0.00003    82703
  538  1.00972  7.61824 | 1.00908  0.00003    82752
  539  1.00960  7.61787 | 1.00908  0.00003    82839
  540  1.00812  7.61818 | 1.00908  0.00003    82750
  541  1.00895  7.61851 | 1.00908  0.00003    82905
  542  1.00889  7.61825 | 1.00908  0.00003    83053
  543  1.00937  7.61845 | 1.00908  0.00003    83188
  544  1.00955  7.61866 | 1.00908  0.00003    83286
  545  1.00834  7.61843 | 1.00908  0.00003    83296
  546  1.00899  7.61791 | 1.00908  0.00003    83452
  547  1.00908  7.61774 | 1.00908  0.00003    83609
  548  1.00936  7.61860 | 1.00908  0.00003    83746
  549  1.00930  7.61827 | 1.00908  0.00003    83890
  550  1.00974  7.61824 | 1.00908  0.00003    83930
  551  1.01073  7.61736 | 1.00908  0.00003    83363
  552  1.00963  7.61807 | 1.00909  0.00003    83441
  553  1.00891  7.61794 | 1.00908  0.00003    83588
  554  1.00954  7.61777 | 1.00909  0.00003    83689
  555  1.00802  7.61870 | 1.00908  0.00003    83545
  556  1.00923  7.61831 | 1.00908  0.00003    83694
  557  1.00758  7.61809 | 1.00908  0.00003    83255
  558  1.00786  7.61836 | 1.00908  0.00003    83022
  559  1.01009  7.61769 | 1.00908  0.00003    82912
  560  1.00932  7.61838 | 1.00908  0.00003    83051
  561  1.00937  7.61785 | 1.00908  0.00003    83183
  562  1.00773  7.61853 | 1.00908  0.00003    82865
  563  1.00824  7.61838 | 1.00908  0.00003    82835
  564  1.00890  7.61814 | 1.00908  0.00003    82979
  565  1.00911  7.61897 | 1.00908  0.00003    83131
  566  1.00895  7.61794 | 1.00908  0.00003    83278
  567  1.00922  7.61827 | 1.00908  0.00003    83424
  568  1.00924  7.61797 | 1.00908  0.00003    83568
  569  1.00834  7.61839 | 1.00908  0.00003    83581
  570  1.00903  7.61854 | 1.00908  0.00003    83732
  571  1.01088  7.61857 | 1.00908  0.00003    83055
  572  1.00929  7.61880 | 1.00908  0.00003    83193
  573  1.00849  7.61875 | 1.00908  0.00003    83255
  574  1.00860  7.61833 | 1.00908  0.00003    83346
  575  1.00898  7.61820 | 1.00908  0.00003    83493
  576  1.00937  7.61829 | 1.00908  0.00003    83620
  577  1.00885  7.61854 | 1.00908  0.00003    83756
  578  1.01026  7.61814 | 1.00908  0.00003    83554
  579  1.00933  7.61885 | 1.00908  0.00003    83688
  580  1.00796  7.61839 | 1.00908  0.00003    83520
  581  1.00882  7.61862 | 1.00908  0.00003    83651
  582  1.01007  7.61865 | 1.00908  0.00003    83552
  583  1.00879  7.61858 | 1.00908  0.00003    83677
  584  1.00969  7.61802 | 1.00908  0.00003    83732
  585  1.00939  7.61808 | 1.00908  0.00003    83855
  586  1.00795  7.61760 | 1.00908  0.00003    83681
  587  1.00867  7.61822 | 1.00908  0.00003    83786
  588  1.00951  7.61795 | 1.00908  0.00003    83886
  589  1.00965  7.61818 | 1.00908  0.00003    83953
  590  1.01076  7.61866 | 1.00908  0.00003    83397
  591  1.00941  7.61821 | 1.00908  0.00003    83515
  592  1.00961  7.61887 | 1.00908  0.00003    83592
  593  1.00958  7.61875 | 1.00909  0.00003    83677
  594  1.00789  7.61865 | 1.00908  0.00003    83471
  595  1.00969  7.61820 | 1.00908  0.00003    83526
  596  1.00829  7.61866 | 1.00908  0.00003    83517
  597  1.00960  7.61807 | 1.00908  0.00003    83596
  598  1.00900  7.61796 | 1.00908  0.00003    83738
  599  1.00968  7.61861 | 1.00908  0.00003    83796
  600  1.00980  7.61880 | 1.00909  0.00003    83813
  601  1.00957  7.61828 | 1.00909  0.00003    83899
  602  1.00954  7.61819 | 1.00909  0.00003    83993
  603  1.00855  7.61851 | 1.00909  0.00003    84064
  604  1.01033  7.61803 | 1.00909  0.00003    83829
  605  1.00907  7.61824 | 1.00909  0.00003    83972
  606  1.00855  7.61870 | 1.00909  0.00003    84045
  607  1.00907  7.61805 | 1.00909  0.00003    84187
  608  1.00847  7.61798 | 1.00909  0.00003    84238
  609  1.00951  7.61844 | 1.00909  0.00003    84337
  610  1.01019  7.61848 | 1.00909  0.00003    84186
  611  1.00844  7.61840 | 1.00909  0.00003    84225
  612  1.01014  7.61877 | 1.00909  0.00003    84098
  613  1.00883  7.61807 | 1.00909  0.00003    84222
  614  1.00803  7.61863 | 1.00909  0.00003    84092
  615  1.00833  7.61857 | 1.00909  0.00003    84097
  616  1.00856  7.61827 | 1.00909  0.00003    84169
  617  1.00928  7.61793 | 1.00909  0.00003    84301
  618  1.00845  7.61788 | 1.00908  0.00003    84344
  619  1.00967  7.61769 | 1.00909  0.00003    84401
  620  1.00944  7.61844 | 1.00909  0.00003    84510
  621  1.00777  7.61802 | 1.00908  0.00003    84233
  622  1.00917  7.61777 | 1.00908  0.00003    84371
  623  1.01021  7.61851 | 1.00909  0.00003    84209
  624  1.01025  7.61826 | 1.00909  0.00003    84027
  625  1.00911  7.61835 | 1.00909  0.00003    84164
  626  1.00821  7.61852 | 1.00909  0.00003    84122
  627  1.00977  7.61827 | 1.00909  0.00003    84151
  628  1.00926  7.61862 | 1.00909  0.00003    84282
  629  1.00959  7.61881 | 1.00909  0.00003    84360
  630  1.00885  7.61831 | 1.00909  0.00003    84484
  631  1.00923  7.61834 | 1.00909  0.00003    84616
  632  1.00947  7.61805 | 1.00909  0.00003    84720
  633  1.00949  7.61799 | 1.00909  0.00003    84820
  634  1.01012  7.61817 | 1.00909  0.00003    84707
  635  1.00889  7.61823 | 1.00909  0.00003    84834
  636  1.00816  7.61856 | 1.00909  0.00003    84766
  637  1.01020  7.61836 | 1.00909  0.00003    84615
  638  1.00873  7.61867 | 1.00909  0.00003    84719
  639  1.00805  7.61866 | 1.00909  0.00003    84600
  640  1.00913  7.61903 | 1.00909  0.00003    84735
  641  1.00943  7.61879 | 1.00909  0.00003    84843
  642  1.00853  7.61801 | 1.00909  0.00003    84906
  643  1.00860  7.61784 | 1.00909  0.00003    84986
  644  1.00864  7.61811 | 1.00909  0.00003    85074
  645  1.00939  7.61836 | 1.00909  0.00003    85187
  646  1.01025  7.61857 | 1.00909  0.00003    85007
  647  1.00933  7.61837 | 1.00909  0.00003    85129
  648  1.00945  7.61805 | 1.00909  0.00003    85234
  649  1.00949  7.61907 | 1.00909  0.00003    85331
  650  1.00731  7.61873 | 1.00909  0.00003    84726
  651  1.00746  7.61861 | 1.00909  0.00003    84254
  652  1.00953  7.61832 | 1.00909  0.00003    84343
  653  1.00969  7.61828 | 1.00909  0.00003    84393
  654  1.00884  7.61829 | 1.00909  0.00003    84512
  655  1.00836  7.61848 | 1.00909  0.00003    84525
  656  1.00974  7.61809 | 1.00909  0.00003    84558
  657  1.00755  7.61849 | 1.00909  0.00003    84154
  658  1.00858  7.61809 | 1.00908  0.00003    84229
  659  1.00787  7.61858 | 1.00908  0.00003    84030
  660  1.00941  7.61922 | 1.00908  0.00003    84137
  661  1.00922  7.61772 | 1.00908  0.00003    84262
  662  1.01021  7.61846 | 1.00908  0.00003    84110
  663  1.00883  7.61813 | 1.00908  0.00003    84227
  664  1.00944  7.61898 | 1.00909  0.00003    84328
  665  1.01053  7.61800 | 1.00909  0.00003    83996
  666  1.00791  7.61860 | 1.00909  0.00003    83819
  667  1.00734  7.61871 | 1.00908  0.00003    83282
  668  1.00982  7.61813 | 1.00908  0.00003    83292
  669  1.00970  7.61842 | 1.00908  0.00003    83338
  670  1.00874  7.61866 | 1.00908  0.00003    83440
  671  1.00969  7.61835 | 1.00909  0.00003    83488
  672  1.00993  7.61825 | 1.00909  0.00003    83462
  673  1.00847  7.61841 | 1.00909  0.00003    83506
  674  1.00861  7.61887 | 1.00908  0.00003    83584
  675  1.00919  7.61788 | 1.00908  0.00003    83708
  676  1.00958  7.61833 | 1.00909  0.00003    83782
  677  1.00916  7.61835 | 1.00909  0.00003    83907
  678  1.00925  7.61815 | 1.00909  0.00003    84028
  679  1.00868  7.61860 | 1.00909  0.00003    84119
  680  1.00912  7.61793 | 1.00909  0.00003    84246
  681  1.00944  7.61850 | 1.00909  0.00003    84346
  682  1.00939  7.61818 | 1.00909  0.00003    84453
  683  1.00968  7.61809 | 1.00909  0.00003    84503
  684  1.00890  7.61896 | 1.00909  0.00003    84622
  685  1.00999  7.61820 | 1.00909  0.00003    84572
  686  1.01076  7.61764 | 1.00909  0.00003    84097
  687  1.00947  7.61869 | 1.00909  0.00003    84192
  688  1.00892  7.61816 | 1.00909  0.00003    84311
  689  1.01008  7.61822 | 1.00909  0.00003    84226
  690  1.00841  7.61827 | 1.00909  0.00003    84251
  691  1.00951  7.61814 | 1.00909  0.00003    84338
  692  1.00904  7.61857 | 1.00909  0.00003    84463
  693  1.00853  7.61903 | 1.00909  0.00003    84520
  694  1.00859  7.61868 | 1.00909  0.00003    84590
  695  1.00958  7.61857 | 1.00909  0.00003    84662
  696  1.00853  7.61802 | 1.00909  0.00003    84720
  697  1.01035  7.61827 | 1.00909  0.00003    84505
  698  1.01061  7.61803 | 1.00909  0.00003    84141
  699  1.00908  7.61841 | 1.00909  0.00003    84265
  700  1.01071  7.61815 | 1.00910  0.00003    83843
  701  1.00943  7.61839 | 1.00910  0.00003    83943
  702  1.00935  7.61779 | 1.00910  0.00003    84052
  703  1.00885  7.61765 | 1.00910  0.00003    84161
  704  1.01059  7.61812 | 1.00910  0.00003    83815
  705  1.00863  7.61854 | 1.00910  0.00003    83891
  706  1.00944  7.61839 | 1.00910  0.00003    83989
  707  1.01049  7.61825 | 1.00910  0.00003    83710
  708  1.00838  7.61865 | 1.00910  0.00003    83722
  709  1.00987  7.61826 | 1.00910  0.00003    83720
  710  1.00986  7.61746 | 1.00910  0.00003    83721
  711  1.00946  7.61758 | 1.00910  0.00003    83816
  712  1.00859  7.61816 | 1.00910  0.00003    83883
  713  1.00889  7.61818 | 1.00910  0.00003    83993
  714  1.00955  7.61864 | 1.00910  0.00003    84072
  715  1.00925  7.61809 | 1.00910  0.00003    84188
  716  1.00924  7.61862 | 1.00910  0.00003    84305
  717  1.00989  7.61902 | 1.00910  0.00003    84298
  718  1.00876  7.61845 | 1.00910  0.00003    84393
  719  1.00845  7.61800 | 1.00910  0.00003    84426
  720  1.00927  7.61810 | 1.00910  0.00003    84541
  721  1.00902  7.61815 | 1.00910  0.00003    84660
  722  1.01001  7.61868 | 1.00910  0.00003    84611
  723  1.00801  7.61873 | 1.00910  0.00003    84484
  724  1.00888  7.61850 | 1.00910  0.00003    84594
  725  1.01001  7.61847 | 1.00910  0.00003    84545
  726  1.00912  7.61868 | 1.00910  0.00003    84664
  727  1.01101  7.61857 | 1.00911  0.00003    84042
  728  1.00974  7.61852 | 1.00911  0.00003    84080
  729  1.00999  7.61842 | 1.00911  0.00003    84041
  730  1.00976  7.61860 | 1.00911  0.00003    84073
  731  1.00756  7.61927 | 1.00911  0.00003    83707
  732  1.00990  7.61871 | 1.00911  0.00003    83699
  733  1.00861  7.61888 | 1.00911  0.00003    83765
  734  1.00839  7.61868 | 1.00911  0.00003    83780
  735  1.00947  7.61821 | 1.00911  0.00003    83871
  736  1.00890  7.61805 | 1.00911  0.00003    83980
  737  1.00964  7.61798 | 1.00911  0.00003    84039
  738  1.00867  7.61824 | 1.00911  0.00003    84118
  739  1.00863  7.61799 | 1.00911  0.00003    84189
  740  1.00948  7.61845 | 1.00911  0.00003    84277
  741  1.00971  7.61797 | 1.00911  0.00003    84321
  742  1.00967  7.61760 | 1.00911  0.00003    84374
  743  1.00882  7.61848 | 1.00911  0.00003    84474
  744  1.00917  7.61874 | 1.00911  0.00003    84590
  745  1.00850  7.61859 | 1.00911  0.00003    84630
  746  1.00977  7.61860 | 1.00911  0.00003    84658
  747  1.00885  7.61869 | 1.00911  0.00003    84761
  748  1.00931  7.61818 | 1.00911  0.00003    84868
  749  1.01037  7.61884 | 1.00911  0.00003    84664
  750  1.00732  7.61820 | 1.00911  0.00003    84148
  751  1.00767  7.61803 | 1.00911  0.00003    83857
  752  1.00865  7.61780 | 1.00910  0.00003    83932
  753  1.00941  7.61842 | 1.00911  0.00003    84028
  754  1.00998  7.61831 | 1.00911  0.00003    83994
  755  1.00994  7.61848 | 1.00911  0.00003    83974
  756  1.00962  7.61797 | 1.00911  0.00003    84036
  757  1.01001  7.61849 | 1.00911  0.00003    83993
  758  1.00864  7.61855 | 1.00911  0.00003    84064
  759  1.00820  7.61902 | 1.00911  0.00003    84016
  760  1.00916  7.61900 | 1.00911  0.00003    84129
  761  1.00836  7.61848 | 1.00911  0.00003    84133
  762  1.00954  7.61865 | 1.00911  0.00003    84211
  763  1.00949  7.61900 | 1.00911  0.00003    84295
  764  1.00829  7.61823 | 1.00911  0.00003    84280
  765  1.00870  7.61798 | 1.00911  0.00003    84361
  766  1.00897  7.61806 | 1.00911  0.00003    84470
  767  1.00853  7.61816 | 1.00911  0.00003    84518
  768  1.00958  7.61792 | 1.00911  0.00003    84587
  769  1.00746  7.61886 | 1.00910  0.00003    84179
  770  1.00910  7.61845 | 1.00910  0.00003    84291
  771  1.00899  7.61951 | 1.00910  0.00003    84400
  772  1.00924  7.61952 | 1.00910  0.00003    84509
  773  1.00903  7.61833 | 1.00910  0.00003    84620
  774  1.00742  7.61869 | 1.00910  0.00003    84189
  775  1.00858  7.61827 | 1.00910  0.00003    84248
  776  1.00914  7.61853 | 1.00910  0.00003    84359
  777  1.00915  7.61851 | 1.00910  0.00003    84469
  778  1.00850  7.61858 | 1.00910  0.00003    84510
  779  1.00992  7.61809 | 1.00910  0.00003    84493
  780  1.00967  7.61838 | 1.00910  0.00003    84543
  781  1.00859  7.61863 | 1.00910  0.00003    84603
  782  1.00900  7.61845 | 1.00910  0.00003    84712
  783  1.01067  7.61825 | 1.00910  0.00003    84354
  784  1.00931  7.61859 | 1.00910  0.00003    84455
  785  1.01067  7.61865 | 1.00911  0.00003    84104
  786  1.00906  7.61785 | 1.00911  0.00003    84212
  787  1.00798  7.61764 | 1.00910  0.00003    84084
  788  1.00818  7.61778 | 1.00910  0.00003    84035
  789  1.00901  7.61803 | 1.00910  0.00003    84143
  790  1.01035  7.61804 | 1.00910  0.00003    83961
  791  1.00905  7.61841 | 1.00910  0.00003    84069
  792  1.00951  7.61825 | 1.00910  0.00003    84146
  793  1.00745  7.61780 | 1.00910  0.00003    83751
  794  1.01056  7.61801 | 1.00910  0.00003    83470
  795  1.00876  7.61868 | 1.00910  0.00003    83556
  796  1.00823  7.61835 | 1.00910  0.00003    83524
  797  1.01028  7.61843 | 1.00910  0.00003    83381
  798  1.00887  7.61891 | 1.00910  0.00003    83478
  799  1.00737  7.61842 | 1.00910  0.00003    83039
  800  1.00937  7.61818 | 1.00910  0.00003    83133
  801  1.00882  7.61905 | 1.00910  0.00003    83224
  802  1.00925  7.61854 | 1.00910  0.00003    83326
  803  1.00850  7.61795 | 1.00910  0.00003    83368
  804  1.00978  7.61757 | 1.00910  0.00003    83391
  805  1.00952  7.61797 | 1.00910  0.00003    83466
  806  1.00877  7.61816 | 1.00910  0.00003    83552
  807  1.00991  7.61831 | 1.00910  0.00003    83540
  808  1.00924  7.61854 | 1.00910  0.00003    83642
  809  1.01003  7.61750 | 1.00910  0.00003    83596
  810  1.00911  7.61813 | 1.00910  0.00003    83701
  811  1.01002  7.61786 | 1.00911  0.00003    83657
  812  1.00833  7.61786 | 1.00910  0.00003    83654
  813  1.01071  7.61757 | 1.00911  0.00003    83303
  814  1.00977  7.61715 | 1.00911  0.00003    83329
  815  1.01010  7.61784 | 1.00911  0.00003    83259
  816  1.00956  7.61818 | 1.00911  0.00003    83327
  817  1.00932  7.61762 | 1.00911  0.00003    83423
  818  1.00864  7.61843 | 1.00911  0.00003    83488
  819  1.00966  7.61756 | 1.00911  0.00003    83539
  820  1.01035  7.61845 | 1.00911  0.00003    83372
  821  1.00921  7.61863 | 1.00911  0.00003    83474
  822  1.01087  7.61806 | 1.00911  0.00003    83033
  823  1.01010  7.61782 | 1.00911  0.00003    82967
  824  1.00916  7.61854 | 1.00911  0.00003    83070
  825  1.00939  7.61806 | 1.00912  0.00003    83160
  826  1.00877  7.61826 | 1.00911  0.00003    83242
  827  1.00851  7.61853 | 1.00911  0.00003    83282
  828  1.00919  7.61879 | 1.00911  0.00003    83384
  829  1.00823  7.61837 | 1.00911  0.00003    83351
  830  1.00864  7.61884 | 1.00911  0.00003    83414
  831  1.00855  7.61844 | 1.00911  0.00003    83460
  832  1.00874  7.61862 | 1.00911  0.00003    83539
  833  1.00840  7.61838 | 1.00911  0.00003    83553
  834  1.00952  7.61846 | 1.00911  0.00003    83626
  835  1.00869  7.61851 | 1.00911  0.00003    83697
  836  1.00913  7.61870 | 1.00911  0.00003    83800
  837  1.00901  7.61842 | 1.00911  0.00003    83901
  838  1.00799  7.61850 | 1.00911  0.00003    83785
  839  1.00862  7.61868 | 1.00911  0.00003    83846
  840  1.00937  7.61830 | 1.00911  0.00003    83936
  841  1.00863  7.61875 | 1.00911  0.00003    83998
  842  1.00837  7.61795 | 1.00911  0.00003    84005
  843  1.00844  7.61781 | 1.00911  0.00003    84028
  844  1.00877  7.61795 | 1.00911  0.00003    84110
  845  1.00784  7.61789 | 1.00910  0.00003    83933
  846  1.00920  7.61816 | 1.00910  0.00003    84033
  847  1.00909  7.61840 | 1.00910  0.00003    84135
  848  1.00890  7.61859 | 1.00910  0.00003    84228
  849  1.00995  7.61780 | 1.00911  0.00003    84207
  850  1.01020  7.61796 | 1.00911  0.00003    84101
  851  1.00813  7.61860 | 1.00911  0.00003    84037
  852  1.00930  7.61851 | 1.00911  0.00003    84132
  853  1.00980  7.61868 | 1.00911  0.00003    84150
  854  1.01053  7.61798 | 1.00911  0.00003    83902
  855  1.00901  7.61812 | 1.00911  0.00003    84001
  856  1.00795  7.61856 | 1.00911  0.00003    83873
  857  1.00804  7.61838 | 1.00911  0.00003    83778
  858  1.00883  7.61893 | 1.00911  0.00003    83864
  859  1.00993  7.61880 | 1.00911  0.00003    83849
  860  1.00759  7.61847 | 1.00910  0.00003    83557
  861  1.00891  7.61837 | 1.00910  0.00003    83650
  862  1.00785  7.61852 | 1.00910  0.00003    83483
  863  1.00921  7.61823 | 1.00910  0.00003    83580
  864  1.00954  7.61768 | 1.00910  0.00003    83647
  865  1.00920  7.61710 | 1.00910  0.00003    83744
  866  1.00810  7.61804 | 1.00910  0.00003    83674
  867  1.00974  7.61750 | 1.00910  0.00003    83704
  868  1.00822  7.61845 | 1.00910  0.00003    83673
  869  1.00886  7.61862 | 1.00910  0.00003    83761
  870  1.00953  7.61878 | 1.00910  0.00003    83828
  871  1.00974  7.61808 | 1.00910  0.00003    83859
  872  1.00952  7.61801 | 1.00910  0.00003    83928
  873  1.00938  7.61857 | 1.00910  0.00003    84013
  874  1.01015  7.61793 | 1.00910  0.00003    83927
  875  1.00953  7.61847 | 1.00911  0.00003    83995
  876  1.00864  7.61800 | 1.00910  0.00003    84056
  877  1.00873  7.61803 | 1.00910  0.00003    84131
  878  1.01075  7.61844 | 1.00911  0.00003    83780
  879  1.00926  7.61835 | 1.00911  0.00003    83873
  880  1.00805  7.61804 | 1.00911  0.00003    83787
  881  1.01017  7.61840 | 1.00911  0.00003    83698
  882  1.00928  7.61795 | 1.00911  0.00003    83789
  883  1.00939  7.61749 | 1.00911  0.00003    83873
  884  1.01104  7.61803 | 1.00911  0.00003    83357
  885  1.01060  7.61841 | 1.00911  0.00003    83092
  886  1.00830  7.61789 | 1.00911  0.00003    83079
  887  1.01024  7.61848 | 1.00911  0.00003    82968
  888  1.00970  7.61874 | 1.00911  0.00003    83007
  889  1.01075  7.61748 | 1.00911  0.00003    82671
  890  1.01110  7.61770 | 1.00912  0.00003    82140
  891  1.00976  7.61734 | 1.00912  0.00003    82168
  892  1.00956  7.61817 | 1.00912  0.00003    82231
  893  1.01000  7.61854 | 1.00912  0.00003    82203
  894  1.00962  7.61811 | 1.00912  0.00003    82258
  895  1.00853  7.61863 | 1.00912  0.00003    82298
  896  1.01083  7.61856 | 1.00912  0.00003    81935
  897  1.00986  7.61828 | 1.00912  0.00003    81942
  898  1.00838  7.61814 | 1.00912  0.00003    81950
  899  1.00974  7.61812 | 1.00912  0.00003    81983
  900  1.00860  7.61880 | 1.00912  0.00003    82034
  901  1.01030  7.61863 | 1.00912  0.00003    81913
  902  1.00847  7.61851 | 1.00912  0.00003    81941
  903  1.00896  7.61803 | 1.00912  0.00003    82030
  904  1.00767  7.61791 | 1.00912  0.00003    81800
  905  1.00802  7.61783 | 1.00912  0.00003    81705
  906  1.00917  7.61807 | 1.00912  0.00003    81797
  907  1.00973  7.61784 | 1.00912  0.00003    81832
  908  1.00861  7.61776 | 1.00912  0.00003    81885
  909  1.01039  7.61801 | 1.00912  0.00003    81729
  910  1.00911  7.61873 | 1.00912  0.00003    81820
  911  1.00762  7.61771 | 1.00912  0.00003    81570
  912  1.00812  7.61811 | 1.00912  0.00003    81510
  913  1.00947  7.61847 | 1.00912  0.00003    81583
  914  1.00897  7.61856 | 1.00912  0.00003    81671
  915  1.00818  7.61799 | 1.00912  0.00003    81628
  916  1.00914  7.61811 | 1.00912  0.00003    81719
  917  1.00867  7.61823 | 1.00912  0.00003    81779
  918  1.00896  7.61786 | 1.00912  0.00003    81866
  919  1.00786  7.61836 | 1.00911  0.00003    81717
  920  1.00861  7.61842 | 1.00911  0.00003    81769
  921  1.00830  7.61756 | 1.00911  0.00003    81760
  922  1.00746  7.61828 | 1.00911  0.00003    81444
  923  1.00820  7.61835 | 1.00911  0.00003    81411
  924  1.00977  7.61780 | 1.00911  0.00003    81437
  925  1.01035  7.61798 | 1.00911  0.00003    81300
  926  1.00853  7.61790 | 1.00911  0.00003    81340
  927  1.01144  7.61800 | 1.00911  0.00003    80631
  928  1.00890  7.61787 | 1.00911  0.00003    80713
  929  1.00963  7.61779 | 1.00911  0.00003    80763
  930  1.00956  7.61773 | 1.00911  0.00003    80822
  931  1.00815  7.61840 | 1.00911  0.00003    80775
  932  1.01065  7.61775 | 1.00912  0.00003    80522
  933  1.00814  7.61875 | 1.00911  0.00003    80473
  934  1.00897  7.61889 | 1.00911  0.00003    80558
  935  1.00893  7.61899 | 1.00911  0.00003    80641
  936  1.00945  7.61899 | 1.00911  0.00003    80712
  937  1.01010  7.61868 | 1.00912  0.00003    80659
  938  1.00950  7.61754 | 1.00912  0.00003    80726
  939  1.00962  7.61768 | 1.00912  0.00003    80777
  940  1.00914  7.61856 | 1.00912  0.00003    80865
  941  1.00828  7.61825 | 1.00912  0.00003    80852
  942  1.00988  7.61846 | 1.00912  0.00003    80856
  943  1.00838  7.61830 | 1.00912  0.00003    80865
  944  1.00893  7.61784 | 1.00912  0.00003    80948
  945  1.00908  7.61848 | 1.00911  0.00003    81035
  946  1.00880  7.61845 | 1.00911  0.00003    81108
  947  1.00880  7.61933 | 1.00911  0.00003    81181
  948  1.00932  7.61819 | 1.00911  0.00003    81262
  949  1.00942  7.61878 | 1.00911  0.00003    81336
  950  1.00819  7.61806 | 1.00911  0.00003    81301
  951  1.00956  7.61782 | 1.00911  0.00003    81359
  952  1.01030  7.61819 | 1.00912  0.00003    81245
  953  1.00898  7.61837 | 1.00912  0.00003    81329
  954  1.00828  7.61802 | 1.00911  0.00003    81314
  955  1.01022  7.61765 | 1.00912  0.00003    81225
  956  1.00964  7.61781 | 1.00912  0.00003    81273
  957  1.00937  7.61749 | 1.00912  0.00003    81350
  958  1.00850  7.61780 | 1.00912  0.00003    81382
  959  1.00806  7.61834 | 1.00911  0.00003    81310
  960  1.00901  7.61838 | 1.00911  0.00003    81395
  961  1.00974  7.61899 | 1.00912  0.00003    81426
  962  1.00912  7.61812 | 1.00912  0.00003    81512
  963  1.00942  7.61803 | 1.00912  0.00003    81584
  964  1.00759  7.61857 | 1.00911  0.00003    81340
  965  1.00937  7.61924 | 1.00911  0.00003    81416
  966  1.00876  7.61860 | 1.00911  0.00003    81484
  967  1.00878  7.61852 | 1.00911  0.00003    81554
  968  1.00868  7.61847 | 1.00911  0.00003    81614
  969  1.00809  7.61840 | 1.00911  0.00003    81549
  970  1.00889  7.61800 | 1.00911  0.00003    81628
  971  1.00834  7.61894 | 1.00911  0.00003    81629
  972  1.00887  7.61853 | 1.00911  0.00003    81706
  973  1.00859  7.61847 | 1.00911  0.00003    81754
  974  1.00960  7.61825 | 1.00911  0.00003    81806
  975  1.00953  7.61845 | 1.00911  0.00002    81866
  976  1.01038  7.61856 | 1.00911  0.00003    81724
  977  1.00893  7.61824 | 1.00911  0.00002    81804
  978  1.00942  7.61790 | 1.00911  0.00002    81875
  979  1.00872  7.61831 | 1.00911  0.00002    81938
  980  1.00846  7.61828 | 1.00911  0.00002    81963
  981  1.00999  7.61836 | 1.00911  0.00002    81938
  982  1.00852  7.61844 | 1.00911  0.00002    81974
  983  1.00954  7.61787 | 1.00911  0.00002    82033
  984  1.01004  7.61838 | 1.00911  0.00002    81996
  985  1.00883  7.61788 | 1.00911  0.00002    82069
  986  1.00929  7.61752 | 1.00911  0.00002    82150
  987  1.00978  7.61779 | 1.00911  0.00002    82170
  988  1.00942  7.61793 | 1.00911  0.00002    82241
  989  1.00884  7.61806 | 1.00911  0.00002    82316
  990  1.00754  7.61851 | 1.00911  0.00002    82050
  991  1.00880  7.61830 | 1.00911  0.00002    82120
  992  1.00869  7.61839 | 1.00911  0.00002    82180
  993  1.00858  7.61847 | 1.00911  0.00002    82225
  994  1.00963  7.61867 | 1.00911  0.00002    82272
  995  1.00889  7.61859 | 1.00911  0.00002    82349
  996  1.00929  7.61900 | 1.00911  0.00002    82428
  997  1.00902  7.61908 | 1.00911  0.00002    82511
  998  1.00941  7.61840 | 1.00911  0.00002    82582
  999  1.01022  7.61835 | 1.00911  0.00002    82492
 1000  1.00873  7.61864 | 1.00911  0.00002    82555
 1001  1.00877  7.61864 | 1.00911  0.00002    82622
 1002  1.00928  7.61849 | 1.00911  0.00002    82702
 1003  1.00908  7.61814 | 1.00911  0.00002    82785
 1004  1.00903  7.61816 | 1.00911  0.00002    82868
 1005  1.00917  7.61773 | 1.00911  0.00002    82951
 1006  1.00896  7.61831 | 1.00911  0.00002    83032
 1007  1.00883  7.61763 | 1.00911  0.00002    83105
 1008  1.00938  7.61789 | 1.00911  0.00002    83178
 1009  1.00920  7.61855 | 1.00911  0.00002    83261
 1010  1.00931  7.61785 | 1.00911  0.00002    83339
 1011  1.00898  7.61835 | 1.00911  0.00002    83420
 1012  1.00873  7.61846 | 1.00911  0.00002    83483
 1013  1.00796  7.61878 | 1.00911  0.00002    83378
 1014  1.00880  7.61868 | 1.00911  0.00002    83448
 1015  1.00829  7.61863 | 1.00911  0.00002    83437

 Average k = 1.00911 +/- 0.00002
