 99991.01m       1e+06 2.53010e-08 2019-10-23
multigroup ACE file                                                   2019-10-23
      0   0.000000      0   0.000000      0   0.000000      0   0.000000
      0   0.000000      0   0.000000      0   0.000000      0   0.000000
      0   0.000000      0   0.000000      0   0.000000      0   0.000000
      0   0.000000      0   0.000000      0   0.000000      0   0.000000
       11    99991        0        0        1        0        0        0
        0        1        0        1        0        0        0        0
        1        3        4        5        6        7        0        0
        0        0        0        0        8        0        0       10
       11        0        0        0        0        0        0        0
        0        0        0        0        0        0        0        0
                  50                 100               0.276             0.00339
                 2.5                   1            0.276261                   9
                   0                   0                   0                    
