 Initial multiplication factor: 0.999712

 Gen   Keff     Entropy
 ----------------------
    1  1.00467  7.64371
    2  1.00394  7.63735
    3  1.00699  7.63476
    4  1.00933  7.63354
    5  1.00867  7.63305
    6  1.00852  7.63319
    7  1.00769  7.63325
    8  1.00812  7.63347
    9  1.00934  7.63326
   10  1.00811  7.63377
   11  1.00842  7.63324
   12  1.01007  7.63302
   13  1.00903  7.63305
   14  1.00897  7.63294
   15  1.01004  7.63359
 --------------------------------------------------
 Gen   Keff     Entropy | Kavg     STD      FOM    
 --------------------------------------------------
   16  1.00899  7.63338
   17  1.00958  7.63360 | 1.00928  0.00030   288653
   18  1.00983  7.63341 | 1.00947  0.00025   268672
   19  1.01013  7.63368 | 1.00963  0.00024   214483
   20  1.00945  7.63327 | 1.00960  0.00019   275817
   21  1.00783  7.63325 | 1.00930  0.00033    75935
   22  1.00849  7.63379 | 1.00919  0.00031    77875
   23  1.00858  7.63357 | 1.00911  0.00028    83931
   24  1.00911  7.63339 | 1.00911  0.00024    95922
   25  1.00938  7.63310 | 1.00914  0.00022   106294
   26  1.00888  7.63353 | 1.00911  0.00020   116422
   27  1.00965  7.63344 | 1.00916  0.00019   120816
   28  1.00910  7.63278 | 1.00915  0.00017   131719
   29  1.00936  7.63293 | 1.00917  0.00016   141490
   30  1.00959  7.63325 | 1.00920  0.00015   147160
   31  1.00948  7.63353 | 1.00921  0.00014   155213
   32  1.00926  7.63330 | 1.00922  0.00013   165528
   33  1.01111  7.63351 | 1.00932  0.00016   104093
   34  1.00991  7.63329 | 1.00935  0.00016   106075
   35  1.00947  7.63315 | 1.00936  0.00015   111835
   36  1.00944  7.63310 | 1.00936  0.00014   117627
   37  1.01026  7.63307 | 1.00940  0.00014   113452
   38  1.00887  7.63297 | 1.00938  0.00014   115499
   39  1.00852  7.63290 | 1.00934  0.00014   112448
   40  1.00737  7.63345 | 1.00926  0.00015    86406
   41  1.00966  7.63383 | 1.00928  0.00015    89072
   42  1.00912  7.63361 | 1.00927  0.00014    92457
   43  1.00906  7.63302 | 1.00927  0.00014    95722
   44  1.00789  7.63305 | 1.00922  0.00014    88008
   45  1.00963  7.63301 | 1.00923  0.00014    90251
   46  1.00870  7.63323 | 1.00922  0.00013    91803
   47  1.00898  7.63327 | 1.00921  0.00013    94565
   48  1.00797  7.63301 | 1.00917  0.00013    89590
   49  1.00933  7.63285 | 1.00917  0.00013    92280
   50  1.00895  7.63310 | 1.00917  0.00012    94821
   51  1.00981  7.63295 | 1.00919  0.00012    95525
   52  1.00900  7.63358 | 1.00918  0.00012    98069
   53  1.00896  7.63366 | 1.00918  0.00012   100540
   54  1.00862  7.63331 | 1.00916  0.00011   101645
   55  1.00902  7.63298 | 1.00916  0.00011   104210
   56  1.01004  7.63292 | 1.00918  0.00011   102757
   57  1.00905  7.63299 | 1.00918  0.00011   105242
   58  1.00966  7.63322 | 1.00919  0.00011   106573
   59  1.01028  7.63304 | 1.00921  0.00011   103143
   60  1.00925  7.63301 | 1.00921  0.00010   105532
   61  1.00907  7.63347 | 1.00921  0.00010   107832
   62  1.00909  7.63332 | 1.00921  0.00010   110161
   63  1.00961  7.63331 | 1.00922  0.00010   111725
   64  1.01018  7.63324 | 1.00924  0.00010   109431
   65  1.00916  7.63332 | 1.00923  0.00010   111682
   66  1.00967  7.63304 | 1.00924  0.00009   113016
   67  1.00850  7.63346 | 1.00923  0.00009   112582
   68  1.00878  7.63352 | 1.00922  0.00009   113824
   69  1.00971  7.63304 | 1.00923  0.00009   114865
   70  1.00911  7.63319 | 1.00923  0.00009   116964
   71  1.00889  7.63270 | 1.00922  0.00009   118574
   72  1.00994  7.63318 | 1.00923  0.00009   118179
   73  1.00951  7.63312 | 1.00924  0.00009   119928
   74  1.00873  7.63325 | 1.00923  0.00008   120784
   75  1.01083  7.63317 | 1.00926  0.00009   111339
   76  1.00788  7.63320 | 1.00923  0.00009   105946
   77  1.00903  7.63296 | 1.00923  0.00009   107563
   78  1.00936  7.63330 | 1.00923  0.00009   109265
   79  1.00900  7.63291 | 1.00923  0.00008   110818
   80  1.00794  7.63278 | 1.00921  0.00009   106578
   81  1.01098  7.63281 | 1.00924  0.00009    98356
   82  1.00773  7.63315 | 1.00921  0.00009    93667
   83  1.00946  7.63320 | 1.00922  0.00009    94940
   84  1.00897  7.63329 | 1.00921  0.00009    96191
   85  1.00975  7.63316 | 1.00922  0.00009    96843
   86  1.00907  7.63356 | 1.00922  0.00009    98182
   87  1.00816  7.63341 | 1.00920  0.00009    96652
   88  1.01017  7.63294 | 1.00922  0.00009    95665
   89  1.00961  7.63314 | 1.00922  0.00008    96603
   90  1.00945  7.63315 | 1.00923  0.00008    97804
   91  1.01003  7.63321 | 1.00924  0.00008    97516
   92  1.01075  7.63328 | 1.00926  0.00008    93395
   93  1.00936  7.63285 | 1.00926  0.00008    94601
   94  1.00894  7.63348 | 1.00925  0.00008    95605
   95  1.01018  7.63277 | 1.00927  0.00008    94901
   96  1.00863  7.63351 | 1.00926  0.00008    95204
   97  1.00919  7.63305 | 1.00926  0.00008    96382
   98  1.00833  7.63293 | 1.00925  0.00008    95666
   99  1.00899  7.63299 | 1.00924  0.00008    96690
  100  1.00806  7.63256 | 1.00923  0.00008    94860
  101  1.00886  7.63321 | 1.00922  0.00008    95711
  102  1.01038  7.63317 | 1.00924  0.00008    94074
  103  1.01087  7.63291 | 1.00926  0.00008    90043
  104  1.00883  7.63358 | 1.00925  0.00008    90746
  105  1.00915  7.63345 | 1.00925  0.00008    91758
  106  1.00836  7.63342 | 1.00924  0.00008    91337
  107  1.00898  7.63332 | 1.00924  0.00008    92227
  108  1.00859  7.63267 | 1.00923  0.00008    92469
  109  1.00855  7.63270 | 1.00922  0.00008    92622
  110  1.00921  7.63320 | 1.00922  0.00008    93620
  111  1.01031  7.63318 | 1.00923  0.00008    92506
  112  1.00895  7.63338 | 1.00923  0.00007    93336
  113  1.01022  7.63346 | 1.00924  0.00007    92614
  114  1.00893  7.63306 | 1.00924  0.00007    93402
  115  1.00852  7.63319 | 1.00923  0.00007    93460
  116  1.00864  7.63368 | 1.00923  0.00007    93798
  117  1.00911  7.63292 | 1.00922  0.00007    94713
  118  1.00862  7.63271 | 1.00922  0.00007    95021
  119  1.00994  7.63324 | 1.00923  0.00007    95065
  120  1.00943  7.63308 | 1.00923  0.00007    95915
  121  1.00886  7.63307 | 1.00922  0.00007    96598
  122  1.00896  7.63298 | 1.00922  0.00007    97400
  123  1.01139  7.63296 | 1.00924  0.00007    90710
  124  1.01009  7.63332 | 1.00925  0.00007    90472
  125  1.00798  7.63312 | 1.00924  0.00007    88963
  126  1.00852  7.63308 | 1.00923  0.00007    89047
  127  1.00799  7.63300 | 1.00922  0.00007    87721
  128  1.00945  7.63262 | 1.00922  0.00007    88443
  129  1.00985  7.63302 | 1.00923  0.00007    88694
  130  1.00923  7.63319 | 1.00923  0.00007    89476
  131  1.00951  7.63276 | 1.00923  0.00007    90152
  132  1.01000  7.63301 | 1.00924  0.00007    90116
  133  1.00905  7.63316 | 1.00924  0.00007    90845
  134  1.00800  7.63327 | 1.00922  0.00007    89540
  135  1.00878  7.63319 | 1.00922  0.00007    90030
  136  1.00881  7.63322 | 1.00922  0.00007    90554
  137  1.00905  7.63347 | 1.00922  0.00007    91272
  138  1.00815  7.63326 | 1.00921  0.00007    90502
  139  1.00867  7.63292 | 1.00920  0.00007    90858
  140  1.01040  7.63340 | 1.00921  0.00007    89738
  141  1.00726  7.63332 | 1.00920  0.00007    85842
  142  1.00787  7.63332 | 1.00919  0.00007    84539
  143  1.00892  7.63295 | 1.00918  0.00007    85129
  144  1.00966  7.63317 | 1.00919  0.00007    85551
  145  1.00940  7.63292 | 1.00919  0.00007    86168
  146  1.00903  7.63280 | 1.00919  0.00007    86807
  147  1.00969  7.63327 | 1.00919  0.00007    87193
  148  1.00909  7.63300 | 1.00919  0.00007    87848
  149  1.00852  7.63303 | 1.00919  0.00007    87998
  150  1.00897  7.63290 | 1.00919  0.00007    88606
  151  1.00826  7.63292 | 1.00918  0.00007    88285
  152  1.00899  7.63313 | 1.00918  0.00006    88899
  153  1.00858  7.63346 | 1.00917  0.00006    89140
  154  1.01065  7.63329 | 1.00918  0.00006    87363
  155  1.00816  7.63331 | 1.00918  0.00006    86866
  156  1.01064  7.63315 | 1.00919  0.00007    85262
  157  1.00964  7.63332 | 1.00919  0.00006    85656
  158  1.00958  7.63333 | 1.00919  0.00006    86109
  159  1.00889  7.63337 | 1.00919  0.00006    86621
  160  1.00923  7.63321 | 1.00919  0.00006    87227
  161  1.00904  7.63357 | 1.00919  0.00006    87810
  162  1.00972  7.63356 | 1.00919  0.00006    88126
  163  1.01006  7.63341 | 1.00920  0.00006    87947
  164  1.00916  7.63360 | 1.00920  0.00006    88543
  165  1.00907  7.63337 | 1.00920  0.00006    89124
  166  1.00883  7.63301 | 1.00920  0.00006    89578
  167  1.00861  7.63364 | 1.00919  0.00006    89822
  168  1.00921  7.63342 | 1.00919  0.00006    90419
  169  1.00969  7.63312 | 1.00919  0.00006    90752
  170  1.00875  7.63306 | 1.00919  0.00006    91132
  171  1.00930  7.63323 | 1.00919  0.00006    91712
  172  1.00871  7.63276 | 1.00919  0.00006    92056
  173  1.00886  7.63313 | 1.00919  0.00006    92528
  174  1.00938  7.63312 | 1.00919  0.00006    93078
  175  1.00870  7.63334 | 1.00919  0.00006    93412
  176  1.00814  7.63329 | 1.00918  0.00006    92844
  177  1.00974  7.63336 | 1.00918  0.00006    93099
  178  1.00984  7.63296 | 1.00919  0.00006    93218
  179  1.00991  7.63303 | 1.00919  0.00006    93241
  180  1.01002  7.63287 | 1.00920  0.00006    93102
  181  1.00915  7.63295 | 1.00920  0.00006    93667
  182  1.00965  7.63297 | 1.00920  0.00006    94019
  183  1.01012  7.63301 | 1.00920  0.00006    93709
  184  1.00958  7.63346 | 1.00921  0.00006    94127
  185  1.01044  7.63329 | 1.00921  0.00006    93136
  186  1.00840  7.63272 | 1.00921  0.00006    93027
  187  1.00927  7.63301 | 1.00921  0.00006    93570
  188  1.00802  7.63327 | 1.00920  0.00006    92709
  189  1.00917  7.63316 | 1.00920  0.00006    93247
  190  1.00910  7.63280 | 1.00920  0.00006    93775
  191  1.01025  7.63333 | 1.00921  0.00006    93246
  192  1.00940  7.63324 | 1.00921  0.00006    93743
  193  1.00994  7.63308 | 1.00921  0.00006    93750
  194  1.00863  7.63382 | 1.00921  0.00006    93950
  195  1.01014  7.63341 | 1.00921  0.00005    93635
  196  1.00943  7.63372 | 1.00922  0.00005    94114
  197  1.00975  7.63273 | 1.00922  0.00005    94363
  198  1.00945  7.63323 | 1.00922  0.00005    94832
  199  1.00878  7.63298 | 1.00922  0.00005    95165
  200  1.01042  7.63279 | 1.00922  0.00005    94305
  201  1.00816  7.63315 | 1.00922  0.00005    93744
  202  1.00869  7.63324 | 1.00922  0.00005    93992
  203  1.00842  7.63301 | 1.00921  0.00005    93907
  204  1.00890  7.63321 | 1.00921  0.00005    94319
  205  1.00917  7.63301 | 1.00921  0.00005    94819
  206  1.00799  7.63309 | 1.00920  0.00005    93953
  207  1.01068  7.63327 | 1.00921  0.00005    92493
  208  1.00970  7.63338 | 1.00921  0.00005    92769
  209  1.00875  7.63353 | 1.00921  0.00005    93067
  210  1.00911  7.63366 | 1.00921  0.00005    93540
  211  1.00918  7.63308 | 1.00921  0.00005    94020
  212  1.00936  7.63310 | 1.00921  0.00005    94485
  213  1.00805  7.63243 | 1.00921  0.00005    93768
  214  1.00884  7.63292 | 1.00920  0.00005    94130
  215  1.01059  7.63326 | 1.00921  0.00005    92944
  216  1.00838  7.63312 | 1.00921  0.00005    92824
  217  1.00970  7.63328 | 1.00921  0.00005    93081
  218  1.00846  7.63324 | 1.00920  0.00005    93065
  219  1.00977  7.63347 | 1.00921  0.00005    93260
  220  1.00831  7.63368 | 1.00920  0.00005    93041
  221  1.00885  7.63333 | 1.00920  0.00005    93395
  222  1.00731  7.63358 | 1.00919  0.00005    90964
  223  1.00759  7.63325 | 1.00918  0.00005    89410
  224  1.01013  7.63331 | 1.00919  0.00005    89166
  225  1.00923  7.63315 | 1.00919  0.00005    89595
  226  1.01011  7.63323 | 1.00919  0.00005    89393
  227  1.00906  7.63312 | 1.00919  0.00005    89806
  228  1.00803  7.63309 | 1.00919  0.00005    89218
  229  1.00974  7.63286 | 1.00919  0.00005    89412
  230  1.00875  7.63298 | 1.00919  0.00005    89690
  231  1.00942  7.63350 | 1.00919  0.00005    90072
  232  1.00874  7.63342 | 1.00919  0.00005    90340
  233  1.00909  7.63344 | 1.00919  0.00005    90750
  234  1.01034  7.63350 | 1.00919  0.00005    90188
  235  1.00895  7.63321 | 1.00919  0.00005    90558
  236  1.00898  7.63305 | 1.00919  0.00005    90938
  237  1.00915  7.63326 | 1.00919  0.00005    91351
  238  1.00861  7.63295 | 1.00919  0.00005    91513
  239  1.00967  7.63331 | 1.00919  0.00005    91749
  240  1.00837  7.63331 | 1.00919  0.00005    91667
  241  1.00966  7.63326 | 1.00919  0.00005    91909
  242  1.00882  7.63277 | 1.00919  0.00005    92220
  243  1.00907  7.63319 | 1.00919  0.00005    92618
  244  1.00985  7.63320 | 1.00919  0.00005    92702
  245  1.00766  7.63296 | 1.00918  0.00005    91398
  246  1.00985  7.63301 | 1.00918  0.00005    91483
  247  1.01007  7.63323 | 1.00919  0.00005    91321
  248  1.00899  7.63324 | 1.00919  0.00005    91690
  249  1.00924  7.63302 | 1.00919  0.00005    92084
  250  1.00865  7.63313 | 1.00919  0.00005    92275
  251  1.00722  7.63305 | 1.00918  0.00005    89994
  252  1.01015  7.63309 | 1.00918  0.00005    89746
  253  1.00792  7.63382 | 1.00918  0.00005    89073
  254  1.00960  7.63313 | 1.00918  0.00005    89334
  255  1.00829  7.63352 | 1.00917  0.00005    89189
  256  1.00802  7.63318 | 1.00917  0.00005    88705
  257  1.00936  7.63311 | 1.00917  0.00005    89051
  258  1.00888  7.63334 | 1.00917  0.00005    89367
  259  1.00953  7.63345 | 1.00917  0.00005    89651
  260  1.00841  7.63343 | 1.00917  0.00005    89646
  261  1.01091  7.63333 | 1.00917  0.00005    88102
  262  1.00929  7.63313 | 1.00917  0.00005    88453
  263  1.01040  7.63275 | 1.00918  0.00005    87879
  264  1.01033  7.63324 | 1.00918  0.00005    87428
  265  1.00819  7.63340 | 1.00918  0.00005    87181
  266  1.01016  7.63316 | 1.00918  0.00005    86962
  267  1.00965  7.63305 | 1.00919  0.00005    87182
  268  1.00912  7.63311 | 1.00919  0.00005    87527
  269  1.00867  7.63290 | 1.00918  0.00005    87713
  270  1.00909  7.63287 | 1.00918  0.00005    88055
  271  1.00923  7.63301 | 1.00918  0.00005    88402
  272  1.00858  7.63284 | 1.00918  0.00005    88529
  273  1.00990  7.63263 | 1.00918  0.00005    88568
  274  1.00845  7.63300 | 1.00918  0.00005    88588
  275  1.00822  7.63338 | 1.00918  0.00005    88383
  276  1.00888  7.63296 | 1.00918  0.00005    88672
  277  1.00883  7.63328 | 1.00918  0.00005    88939
  278  1.00904  7.63332 | 1.00917  0.00005    89270
  279  1.00924  7.63336 | 1.00917  0.00005    89608
  280  1.00997  7.63284 | 1.00918  0.00005    89568
  281  1.00907  7.63335 | 1.00918  0.00005    89902
  282  1.00960  7.63280 | 1.00918  0.00005    90135
  283  1.00869  7.63363 | 1.00918  0.00005    90330
  284  1.01090  7.63322 | 1.00918  0.00005    88914
  285  1.00835  7.63310 | 1.00918  0.00005    88841
  286  1.00897  7.63306 | 1.00918  0.00005    89145
  287  1.00774  7.63321 | 1.00917  0.00005    88295
  288  1.00961  7.63252 | 1.00918  0.00005    88515
  289  1.00859  7.63299 | 1.00917  0.00005    88646
  290  1.00784  7.63310 | 1.00917  0.00005    87975
  291  1.00887  7.63307 | 1.00917  0.00005    88245
  292  1.00937  7.63296 | 1.00917  0.00005    88543
  293  1.00960  7.63301 | 1.00917  0.00005    88760
  294  1.00976  7.63321 | 1.00917  0.00005    88887
  295  1.00900  7.63274 | 1.00917  0.00005    89191
  296  1.00949  7.63325 | 1.00917  0.00004    89455
  297  1.00796  7.63352 | 1.00917  0.00005    88952
  298  1.00820  7.63353 | 1.00917  0.00005    88753
  299  1.00947  7.63352 | 1.00917  0.00004    89017
  300  1.01068  7.63333 | 1.00917  0.00005    88081
  301  1.00942  7.63330 | 1.00917  0.00004    88358
  302  1.00946  7.63332 | 1.00917  0.00004    88625
  303  1.00856  7.63355 | 1.00917  0.00004    88733
  304  1.00891  7.63339 | 1.00917  0.00004    89006
  305  1.00868  7.63310 | 1.00917  0.00004    89184
  306  1.00725  7.63358 | 1.00916  0.00004    87540
  307  1.00899  7.63365 | 1.00916  0.00004    87826
  308  1.00968  7.63308 | 1.00916  0.00004    87990
  309  1.00891  7.63308 | 1.00916  0.00004    88258
  310  1.01059  7.63321 | 1.00917  0.00004    87506
  311  1.00879  7.63296 | 1.00917  0.00004    87728
  312  1.00801  7.63328 | 1.00916  0.00004    87340
  313  1.00857  7.63334 | 1.00916  0.00004    87458
  314  1.00843  7.63290 | 1.00916  0.00004    87480
  315  1.01049  7.63312 | 1.00916  0.00004    86884
  316  1.00971  7.63334 | 1.00916  0.00004    87026
  317  1.00893  7.63337 | 1.00916  0.00004    87288
  318  1.00859  7.63286 | 1.00916  0.00004    87413
  319  1.00945  7.63332 | 1.00916  0.00004    87662
  320  1.00706  7.63323 | 1.00916  0.00004    85796
  321  1.01006  7.63320 | 1.00916  0.00004    85688
  322  1.00919  7.63350 | 1.00916  0.00004    85968
  323  1.00888  7.63289 | 1.00916  0.00004    86214
  324  1.00877  7.63311 | 1.00916  0.00004    86422
  325  1.00821  7.63305 | 1.00915  0.00004    86281
  326  1.00938  7.63320 | 1.00915  0.00004    86537
  327  1.00844  7.63305 | 1.00915  0.00004    86577
  328  1.00846  7.63304 | 1.00915  0.00004    86633
  329  1.00943  7.63284 | 1.00915  0.00004    86872
  330  1.00995  7.63308 | 1.00915  0.00004    86849
  331  1.00840  7.63320 | 1.00915  0.00004    86859
  332  1.00912  7.63316 | 1.00915  0.00004    87134
  333  1.00967  7.63333 | 1.00915  0.00004    87285
  334  1.00823  7.63322 | 1.00915  0.00004    87158
  335  1.00966  7.63336 | 1.00915  0.00004    87310
  336  1.00985  7.63320 | 1.00915  0.00004    87354
  337  1.00921  7.63316 | 1.00915  0.00004    87625
  338  1.00880  7.63314 | 1.00915  0.00004    87838
  339  1.00932  7.63314 | 1.00915  0.00004    88098
  340  1.00918  7.63325 | 1.00915  0.00004    88370
  341  1.00920  7.63318 | 1.00915  0.00004    88641
  342  1.00895  7.63317 | 1.00915  0.00004    88895
  343  1.00904  7.63373 | 1.00915  0.00004    89162
  344  1.00826  7.63326 | 1.00915  0.00004    89060
  345  1.00841  7.63336 | 1.00915  0.00004    89073
  346  1.00974  7.63307 | 1.00915  0.00004    89178
  347  1.00951  7.63333 | 1.00915  0.00004    89386
  348  1.00940  7.63351 | 1.00915  0.00004    89627
  349  1.00931  7.63312 | 1.00915  0.00004    89886
  350  1.00851  7.63322 | 1.00915  0.00004    89959
  351  1.00920  7.63306 | 1.00915  0.00004    90227
  352  1.00953  7.63334 | 1.00915  0.00004    90426
  353  1.00957  7.63314 | 1.00915  0.00004    90612
  354  1.01034  7.63278 | 1.00916  0.00004    90213
  355  1.01031  7.63292 | 1.00916  0.00004    89857
  356  1.00942  7.63351 | 1.00916  0.00004    90091
  357  1.00937  7.63318 | 1.00916  0.00004    90336
  358  1.00851  7.63264 | 1.00916  0.00004    90402
  359  1.00829  7.63318 | 1.00916  0.00004    90314
  360  1.00901  7.63324 | 1.00916  0.00004    90566
  361  1.00795  7.63299 | 1.00915  0.00004    90151
  362  1.00889  7.63295 | 1.00915  0.00004    90382
  363  1.00894  7.63286 | 1.00915  0.00004    90622
  364  1.00934  7.63290 | 1.00915  0.00004    90866
  365  1.00953  7.63292 | 1.00915  0.00004    91061
  366  1.00937  7.63346 | 1.00915  0.00004    91300
  367  1.00832  7.63327 | 1.00915  0.00004    91238
  368  1.00951  7.63286 | 1.00915  0.00004    91438
  369  1.00749  7.63323 | 1.00915  0.00004    90424
  370  1.00976  7.63322 | 1.00915  0.00004    90512
  371  1.00860  7.63314 | 1.00915  0.00004    90630
  372  1.00997  7.63325 | 1.00915  0.00004    90581
  373  1.00871  7.63300 | 1.00915  0.00004    90746
  374  1.00843  7.63321 | 1.00915  0.00004    90764
  375  1.00906  7.63345 | 1.00915  0.00004    91014
  376  1.00825  7.63317 | 1.00914  0.00004    90902
  377  1.00865  7.63310 | 1.00914  0.00004    91043
  378  1.00797  7.63265 | 1.00914  0.00004    90676
  379  1.00830  7.63330 | 1.00914  0.00004    90617
  380  1.00822  7.63280 | 1.00913  0.00004    90492
  381  1.00914  7.63309 | 1.00913  0.00004    90740
  382  1.00968  7.63302 | 1.00913  0.00004    90858
  383  1.00892  7.63297 | 1.00913  0.00004    91085
  384  1.00894  7.63320 | 1.00913  0.00004    91316
  385  1.00857  7.63273 | 1.00913  0.00004    91422
  386  1.00933  7.63280 | 1.00913  0.00004    91652
  387  1.01076  7.63326 | 1.00914  0.00004    90738
  388  1.00787  7.63358 | 1.00913  0.00004    90288
  389  1.00992  7.63324 | 1.00914  0.00004    90265
  390  1.00914  7.63313 | 1.00914  0.00004    90507
  391  1.00889  7.63334 | 1.00914  0.00004    90723
  392  1.00862  7.63335 | 1.00913  0.00004    90853
  393  1.00882  7.63314 | 1.00913  0.00004    91051
  394  1.01030  7.63325 | 1.00914  0.00004    90713
  395  1.00789  7.63285 | 1.00913  0.00004    90291
  396  1.00901  7.63282 | 1.00913  0.00004    90523
  397  1.00883  7.63280 | 1.00913  0.00004    90723
  398  1.00876  7.63334 | 1.00913  0.00004    90903
  399  1.00874  7.63298 | 1.00913  0.00004    91077
  400  1.00875  7.63260 | 1.00913  0.00004    91252
  401  1.00982  7.63256 | 1.00913  0.00004    91285
  402  1.01056  7.63302 | 1.00913  0.00004    90662
  403  1.00917  7.63343 | 1.00913  0.00004    90897
  404  1.00825  7.63310 | 1.00913  0.00004    90805
  405  1.00900  7.63305 | 1.00913  0.00004    91031
  406  1.00767  7.63305 | 1.00913  0.00004    90385
  407  1.00861  7.63308 | 1.00913  0.00004    90505
  408  1.00903  7.63326 | 1.00913  0.00004    90733
  409  1.00904  7.63334 | 1.00913  0.00004    90960
  410  1.01023  7.63317 | 1.00913  0.00004    90689
  411  1.00972  7.63321 | 1.00913  0.00004    90775
  412  1.00866  7.63335 | 1.00913  0.00004    90912
  413  1.00921  7.63307 | 1.00913  0.00004    91139
  414  1.00872  7.63294 | 1.00913  0.00004    91299
  415  1.00936  7.63297 | 1.00913  0.00004    91507
  416  1.00986  7.63324 | 1.00913  0.00004    91515
  417  1.00867  7.63352 | 1.00913  0.00004    91656
  418  1.00821  7.63355 | 1.00913  0.00004    91540
  419  1.00896  7.63353 | 1.00913  0.00004    91756
  420  1.00906  7.63334 | 1.00913  0.00004    91981
  421  1.00953  7.63338 | 1.00913  0.00004    92141
  422  1.00992  7.63344 | 1.00913  0.00004    92112
  423  1.00915  7.63336 | 1.00913  0.00004    92339
  424  1.00822  7.63311 | 1.00913  0.00004    92228
  425  1.00890  7.63353 | 1.00913  0.00004    92432
  426  1.00886  7.63340 | 1.00913  0.00004    92628
  427  1.00899  7.63350 | 1.00913  0.00004    92846
  428  1.00749  7.63357 | 1.00912  0.00004    91980
  429  1.00874  7.63374 | 1.00912  0.00004    92144
  430  1.00833  7.63340 | 1.00912  0.00004    92115
  431  1.00970  7.63331 | 1.00912  0.00004    92202
  432  1.01003  7.63307 | 1.00912  0.00004    92096
  433  1.01110  7.63300 | 1.00913  0.00004    90770
  434  1.00898  7.63328 | 1.00913  0.00004    90979
  435  1.00921  7.63316 | 1.00913  0.00004    91195
  436  1.00934  7.63332 | 1.00913  0.00004    91395
  437  1.00937  7.63302 | 1.00913  0.00004    91590
  438  1.00997  7.63302 | 1.00913  0.00004    91533
  439  1.00963  7.63288 | 1.00913  0.00004    91654
  440  1.01072  7.63308 | 1.00914  0.00004    90896
  441  1.01014  7.63287 | 1.00914  0.00004    90723
  442  1.00984  7.63309 | 1.00914  0.00004    90749
  443  1.00957  7.63350 | 1.00914  0.00004    90893
  444  1.00886  7.63330 | 1.00914  0.00004    91075
  445  1.00867  7.63310 | 1.00914  0.00004    91202
  446  1.00917  7.63317 | 1.00914  0.00004    91414
  447  1.00745  7.63316 | 1.00913  0.00004    90544
  448  1.00925  7.63321 | 1.00914  0.00004    90750
  449  1.00928  7.63322 | 1.00914  0.00004    90952
  450  1.00854  7.63337 | 1.00913  0.00004    91027
  451  1.01033  7.63286 | 1.00914  0.00004    90707
  452  1.01063  7.63300 | 1.00914  0.00004    90092
  453  1.00947  7.63371 | 1.00914  0.00004    90258
  454  1.00921  7.63260 | 1.00914  0.00004    90462
  455  1.00915  7.63337 | 1.00914  0.00004    90669
  456  1.00830  7.63355 | 1.00914  0.00004    90617
  457  1.00872  7.63312 | 1.00914  0.00004    90759
  458  1.00871  7.63323 | 1.00914  0.00004    90896
  459  1.01005  7.63334 | 1.00914  0.00004    90800
  460  1.00802  7.63309 | 1.00914  0.00004    90547
  461  1.00790  7.63329 | 1.00913  0.00004    90200
  462  1.00819  7.63314 | 1.00913  0.00004    90080
  463  1.00871  7.63316 | 1.00913  0.00004    90218
  464  1.01011  7.63331 | 1.00913  0.00004    90081
  465  1.00818  7.63300 | 1.00913  0.00004    89961
  466  1.00840  7.63340 | 1.00913  0.00004    89970
  467  1.00844  7.63394 | 1.00913  0.00004    90002
  468  1.01003  7.63327 | 1.00913  0.00004    89914
  469  1.00912  7.63342 | 1.00913  0.00004    90112
  470  1.00831  7.63365 | 1.00913  0.00004    90074
  471  1.00796  7.63336 | 1.00913  0.00004    89792
  472  1.01007  7.63328 | 1.00913  0.00004    89684
  473  1.00851  7.63318 | 1.00913  0.00004    89750
  474  1.00929  7.63328 | 1.00913  0.00004    89938
  475  1.00931  7.63360 | 1.00913  0.00004    90124
  476  1.01042  7.63338 | 1.00913  0.00004    89740
  477  1.00977  7.63320 | 1.00913  0.00004    89793
  478  1.00819  7.63316 | 1.00913  0.00004    89681
  479  1.00873  7.63354 | 1.00913  0.00003    89820
  480  1.00928  7.63288 | 1.00913  0.00003    90006
  481  1.01090  7.63340 | 1.00913  0.00003    89135
  482  1.01055  7.63332 | 1.00914  0.00004    88655
  483  1.00974  7.63336 | 1.00914  0.00004    88726
  484  1.00878  7.63315 | 1.00914  0.00003    88872
  485  1.01028  7.63340 | 1.00914  0.00003    88634
  486  1.00835  7.63343 | 1.00914  0.00003    88619
  487  1.00904  7.63286 | 1.00914  0.00003    88805
  488  1.00924  7.63309 | 1.00914  0.00003    88990
  489  1.00966  7.63322 | 1.00914  0.00003    89089
  490  1.00954  7.63286 | 1.00914  0.00003    89225
  491  1.00819  7.63332 | 1.00914  0.00003    89119
  492  1.00871  7.63323 | 1.00914  0.00003    89246
  493  1.00979  7.63287 | 1.00914  0.00003    89292
  494  1.00831  7.63321 | 1.00914  0.00003    89256
  495  1.00888  7.63325 | 1.00914  0.00003    89421
  496  1.00833  7.63362 | 1.00913  0.00003    89396
  497  1.00988  7.63349 | 1.00913  0.00003    89400
  498  1.00942  7.63345 | 1.00914  0.00003    89559
  499  1.00829  7.63312 | 1.00913  0.00003    89513
  500  1.01008  7.63318 | 1.00914  0.00003    89409
  501  1.00851  7.63339 | 1.00913  0.00003    89468
  502  1.00980  7.63307 | 1.00914  0.00003    89510
  503  1.01005  7.63331 | 1.00914  0.00003    89426
  504  1.00933  7.63285 | 1.00914  0.00003    89598
  505  1.00991  7.63313 | 1.00914  0.00003    89591
  506  1.00860  7.63327 | 1.00914  0.00003    89680
  507  1.00903  7.63340 | 1.00914  0.00003    89860
  508  1.00942  7.63338 | 1.00914  0.00003    90017
  509  1.01023  7.63329 | 1.00914  0.00003    89817
  510  1.00902  7.63301 | 1.00914  0.00003    89995
  511  1.00960  7.63349 | 1.00914  0.00003    90108
  512  1.00881  7.63312 | 1.00914  0.00003    90253
  513  1.00821  7.63314 | 1.00914  0.00003    90158
  514  1.00904  7.63288 | 1.00914  0.00003    90337
  515  1.00949  7.63286 | 1.00914  0.00003    90478
  516  1.00990  7.63301 | 1.00914  0.00003    90472
  517  1.01082  7.63354 | 1.00914  0.00003    89751
  518  1.00940  7.63323 | 1.00915  0.00003    89909
  519  1.00773  7.63317 | 1.00914  0.00003    89459
  520  1.00968  7.63299 | 1.00914  0.00003    89548
  521  1.00813  7.63317 | 1.00914  0.00003    89407
  522  1.00799  7.63335 | 1.00914  0.00003    89174
  523  1.00861  7.63321 | 1.00914  0.00003    89262
  524  1.00951  7.63299 | 1.00914  0.00003    89395
  525  1.00846  7.63332 | 1.00914  0.00003    89429
  526  1.00935  7.63315 | 1.00914  0.00003    89591
  527  1.00913  7.63314 | 1.00914  0.00003    89767
  528  1.00999  7.63325 | 1.00914  0.00003    89720
  529  1.01092  7.63324 | 1.00914  0.00003    88923
  530  1.00999  7.63307 | 1.00914  0.00003    88879
  531  1.00805  7.63327 | 1.00914  0.00003    88695
  532  1.00889  7.63341 | 1.00914  0.00003    88848
  533  1.00890  7.63315 | 1.00914  0.00003    89003
  534  1.00812  7.63330 | 1.00914  0.00003    88863
  535  1.00900  7.63321 | 1.00914  0.00003    89029
  536  1.00884  7.63264 | 1.00914  0.00003    89173
  537  1.00894  7.63246 | 1.00914  0.00003    89333
  538  1.00742  7.63286 | 1.00914  0.00003    88622
  539  1.00980  7.63326 | 1.00914  0.00003    88659
  540  1.01055  7.63290 | 1.00914  0.00003    88246
  541  1.00914  7.63300 | 1.00914  0.00003    88415
  542  1.00930  7.63294 | 1.00914  0.00003    88576
  543  1.00991  7.63328 | 1.00914  0.00003    88571
  544  1.00786  7.63281 | 1.00914  0.00003    88265
  545  1.01086  7.63333 | 1.00914  0.00003    87582
  546  1.00913  7.63364 | 1.00914  0.00003    87747
  547  1.00897  7.63334 | 1.00914  0.00003    87904
  548  1.00825  7.63310 | 1.00914  0.00003    87845
  549  1.01014  7.63301 | 1.00914  0.00003    87727
  550  1.00970  7.63311 | 1.00914  0.00003    87803
  551  1.00757  7.63239 | 1.00914  0.00003    87274
  552  1.01068  7.63269 | 1.00914  0.00003    86782
  553  1.00894  7.63333 | 1.00914  0.00003    86933
  554  1.00995  7.63306 | 1.00914  0.00003    86915
  555  1.00956  7.63282 | 1.00914  0.00003    87029
  556  1.01032  7.63347 | 1.00915  0.00003    86808
  557  1.00817  7.63297 | 1.00914  0.00003    86710
  558  1.00956  7.63331 | 1.00915  0.00003    86823
  559  1.00950  7.63366 | 1.00915  0.00003    86949
  560  1.00965  7.63344 | 1.00915  0.00003    87038
  561  1.01122  7.63309 | 1.00915  0.00003    86044
  562  1.00948  7.63295 | 1.00915  0.00003    86172
  563  1.00894  7.63345 | 1.00915  0.00003    86318
  564  1.00958  7.63295 | 1.00915  0.00003    86427
  565  1.00730  7.63317 | 1.00915  0.00003    85680
  566  1.00947  7.63310 | 1.00915  0.00003    85809
  567  1.00817  7.63333 | 1.00915  0.00003    85714
  568  1.00841  7.63317 | 1.00915  0.00003    85729
  569  1.00869  7.63318 | 1.00915  0.00003    85829
  570  1.00965  7.63337 | 1.00915  0.00003    85916
  571  1.00940  7.63273 | 1.00915  0.00003    86055
  572  1.01027  7.63302 | 1.00915  0.00003    85881
  573  1.00860  7.63325 | 1.00915  0.00003    85956
  574  1.00767  7.63348 | 1.00915  0.00003    85546
  575  1.00803  7.63326 | 1.00914  0.00003    85379
  576  1.00910  7.63344 | 1.00914  0.00003    85531
  577  1.00858  7.63334 | 1.00914  0.00003    85602
  578  1.00703  7.63350 | 1.00914  0.00003    84629
  579  1.00931  7.63355 | 1.00914  0.00003    84772
  580  1.00950  7.63365 | 1.00914  0.00003    84890
  581  1.00895  7.63334 | 1.00914  0.00003    85031
  582  1.00802  7.63361 | 1.00914  0.00003    84869
  583  1.01177  7.63365 | 1.00914  0.00003    83325
  584  1.00965  7.63310 | 1.00914  0.00003    83409
  585  1.01002  7.63291 | 1.00914  0.00003    83373
  586  1.00860  7.63338 | 1.00914  0.00003    83447
  587  1.00948  7.63291 | 1.00914  0.00003    83567
  588  1.00822  7.63323 | 1.00914  0.00003    83510
  589  1.00981  7.63314 | 1.00914  0.00003    83550
  590  1.00836  7.63303 | 1.00914  0.00003    83550
  591  1.00823  7.63308 | 1.00914  0.00003    83496
  592  1.00967  7.63321 | 1.00914  0.00003    83574
  593  1.00964  7.63274 | 1.00914  0.00003    83660
  594  1.00996  7.63274 | 1.00914  0.00003    83646
  595  1.00949  7.63313 | 1.00914  0.00003    83763
  596  1.01015  7.63279 | 1.00915  0.00003    83667
  597  1.00955  7.63314 | 1.00915  0.00003    83773
  598  1.00876  7.63312 | 1.00915  0.00003    83881
  599  1.00893  7.63290 | 1.00915  0.00003    84015
  600  1.00974  7.63297 | 1.00915  0.00003    84076
  601  1.00893  7.63292 | 1.00915  0.00003    84209
  602  1.00894  7.63313 | 1.00915  0.00003    84343
  603  1.00932  7.63321 | 1.00915  0.00003    84480
  604  1.00928  7.63294 | 1.00915  0.00003    84619
  605  1.00993  7.63292 | 1.00915  0.00003    84618
  606  1.00929  7.63355 | 1.00915  0.00003    84756
  607  1.00780  7.63318 | 1.00915  0.00003    84469
  608  1.00879  7.63305 | 1.00914  0.00003    84582
  609  1.00846  7.63293 | 1.00914  0.00003    84613
  610  1.00790  7.63319 | 1.00914  0.00003    84388
  611  1.00819  7.63357 | 1.00914  0.00003    84317
  612  1.00985  7.63362 | 1.00914  0.00003    84342
  613  1.00884  7.63311 | 1.00914  0.00003    84461
  614  1.00921  7.63308 | 1.00914  0.00003    84602
  615  1.00850  7.63309 | 1.00914  0.00003    84647
  616  1.00836  7.63298 | 1.00914  0.00003    84644
  617  1.00883  7.63359 | 1.00914  0.00003    84762
  618  1.00937  7.63271 | 1.00914  0.00003    84891
  619  1.00802  7.63249 | 1.00914  0.00003    84736
  620  1.00947  7.63340 | 1.00914  0.00003    84851
  621  1.00729  7.63342 | 1.00913  0.00003    84198
  622  1.00937  7.63315 | 1.00913  0.00003    84324
  623  1.00933  7.63306 | 1.00913  0.00003    84455
  624  1.00979  7.63300 | 1.00914  0.00003    84494
  625  1.00954  7.63312 | 1.00914  0.00003    84595
  626  1.00722  7.63361 | 1.00913  0.00003    83891
  627  1.00907  7.63324 | 1.00913  0.00003    84027
  628  1.00844  7.63309 | 1.00913  0.00003    84056
  629  1.00840  7.63278 | 1.00913  0.00003    84074
  630  1.01057  7.63326 | 1.00913  0.00003    83747
  631  1.00869  7.63297 | 1.00913  0.00003    83840
  632  1.00899  7.63336 | 1.00913  0.00003    83972
  633  1.00951  7.63362 | 1.00913  0.00003    84076
  634  1.01027  7.63341 | 1.00913  0.00003    83925
  635  1.00944  7.63331 | 1.00914  0.00003    84039
  636  1.00839  7.63315 | 1.00913  0.00003    84048
  637  1.00902  7.63356 | 1.00913  0.00003    84181
  638  1.01049  7.63373 | 1.00914  0.00003    83906
  639  1.00745  7.63371 | 1.00913  0.00003    83411
  640  1.00918  7.63334 | 1.00913  0.00003    83545
  641  1.00863  7.63325 | 1.00913  0.00003    83623
  642  1.00825  7.63303 | 1.00913  0.00003    83586
  643  1.01189  7.63277 | 1.00914  0.00003    82087
  644  1.00937  7.63318 | 1.00914  0.00003    82206
  645  1.00914  7.63352 | 1.00914  0.00003    82337
  646  1.00845  7.63336 | 1.00913  0.00003    82367
  647  1.00809  7.63315 | 1.00913  0.00003    82269
  648  1.00878  7.63319 | 1.00913  0.00003    82372
  649  1.00997  7.63297 | 1.00913  0.00003    82355
  650  1.00929  7.63317 | 1.00913  0.00003    82480
  651  1.00961  7.63404 | 1.00913  0.00003    82562
  652  1.00837  7.63363 | 1.00913  0.00003    82569
  653  1.00819  7.63342 | 1.00913  0.00003    82511
  654  1.00915  7.63354 | 1.00913  0.00003    82640
  655  1.00849  7.63322 | 1.00913  0.00003    82681
  656  1.00648  7.63339 | 1.00913  0.00003    81363
  657  1.00930  7.63326 | 1.00913  0.00003    81484
  658  1.00952  7.63317 | 1.00913  0.00003    81579
  659  1.00902  7.63310 | 1.00913  0.00003    81704
  660  1.00859  7.63274 | 1.00913  0.00003    81772
  661  1.00864  7.63314 | 1.00913  0.00003    81851
  662  1.00897  7.63266 | 1.00913  0.00003    81973
  663  1.00884  7.63303 | 1.00913  0.00003    82083
  664  1.00913  7.63321 | 1.00913  0.00003    82210
  665  1.00963  7.63326 | 1.00913  0.00003    82285
  666  1.00823  7.63376 | 1.00912  0.00003    82248
  667  1.00945  7.63292 | 1.00913  0.00003    82354
  668  1.00880  7.63296 | 1.00912  0.00003    82459
  669  1.00965  7.63300 | 1.00913  0.00003    82529
  670  1.01016  7.63305 | 1.00913  0.00003    82438
  671  1.00962  7.63300 | 1.00913  0.00003    82514
  672  1.00882  7.63298 | 1.00913  0.00003    82622
  673  1.00897  7.63281 | 1.00913  0.00003    82742
  674  1.00924  7.63307 | 1.00913  0.00003    82865
  675  1.01022  7.63270 | 1.00913  0.00003    82749
  676  1.00963  7.63305 | 1.00913  0.00003    82823
  677  1.00840  7.63318 | 1.00913  0.00003    82839
  678  1.01028  7.63365 | 1.00913  0.00003    82695
  679  1.00978  7.63354 | 1.00913  0.00003    82735
  680  1.00908  7.63306 | 1.00913  0.00003    82859
  681  1.01001  7.63337 | 1.00913  0.00003    82829
  682  1.00852  7.63313 | 1.00913  0.00003    82878
  683  1.00949  7.63330 | 1.00913  0.00003    82976
  684  1.00967  7.63348 | 1.00913  0.00003    83041
  685  1.00928  7.63319 | 1.00913  0.00003    83161
  686  1.00962  7.63330 | 1.00913  0.00003    83237
  687  1.00948  7.63299 | 1.00913  0.00003    83337
  688  1.00935  7.63340 | 1.00914  0.00003    83452
  689  1.00947  7.63347 | 1.00914  0.00003    83553
  690  1.00919  7.63358 | 1.00914  0.00003    83676
  691  1.00969  7.63345 | 1.00914  0.00003    83738
  692  1.00896  7.63305 | 1.00914  0.00003    83855
  693  1.00956  7.63323 | 1.00914  0.00003    83943
  694  1.00986  7.63298 | 1.00914  0.00003    83961
  695  1.00909  7.63310 | 1.00914  0.00003    84085
  696  1.00893  7.63326 | 1.00914  0.00003    84199
  697  1.00912  7.63310 | 1.00914  0.00003    84323
  698  1.01025  7.63292 | 1.00914  0.00003    84193
  699  1.00882  7.63274 | 1.00914  0.00003    84296
  700  1.00945  7.63319 | 1.00914  0.00003    84400
  701  1.01013  7.63273 | 1.00914  0.00003    84325
  702  1.00977  7.63283 | 1.00914  0.00003    84368
  703  1.00969  7.63296 | 1.00914  0.00003    84430
  704  1.01044  7.63357 | 1.00914  0.00003    84213
  705  1.01021  7.63262 | 1.00915  0.00003    84106
  706  1.00874  7.63292 | 1.00915  0.00003    84196
  707  1.00847  7.63331 | 1.00914  0.00003    84225
  708  1.00968  7.63291 | 1.00914  0.00003    84289
  709  1.00935  7.63310 | 1.00915  0.00003    84402
  710  1.00937  7.63330 | 1.00915  0.00003    84513
  711  1.00975  7.63312 | 1.00915  0.00003    84562
  712  1.00990  7.63293 | 1.00915  0.00003    84569
  713  1.00842  7.63304 | 1.00915  0.00003    84583
  714  1.00957  7.63287 | 1.00915  0.00003    84669
  715  1.00854  7.63284 | 1.00915  0.00003    84716
  716  1.01035  7.63300 | 1.00915  0.00003    84548
  717  1.00967  7.63327 | 1.00915  0.00003    84615
  718  1.00964  7.63354 | 1.00915  0.00003    84686
  719  1.00929  7.63328 | 1.00915  0.00003    84802
  720  1.00942  7.63282 | 1.00915  0.00003    84909
  721  1.01036  7.63304 | 1.00915  0.00003    84735
  722  1.01083  7.63315 | 1.00915  0.00003    84293
  723  1.00840  7.63272 | 1.00915  0.00003    84298
  724  1.01088  7.63332 | 1.00916  0.00003    83831
  725  1.00887  7.63326 | 1.00915  0.00003    83934
  726  1.00973  7.63358 | 1.00916  0.00003    83987
  727  1.00916  7.63305 | 1.00916  0.00003    84105
  728  1.00961  7.63321 | 1.00916  0.00003    84184
  729  1.00866  7.63323 | 1.00916  0.00003    84257
  730  1.00956  7.63335 | 1.00916  0.00003    84343
  731  1.00788  7.63318 | 1.00915  0.00003    84145
  732  1.00932  7.63318 | 1.00915  0.00003    84258
  733  1.01000  7.63309 | 1.00916  0.00003    84236
  734  1.00898  7.63314 | 1.00916  0.00003    84348
  735  1.00894  7.63285 | 1.00916  0.00003    84456
  736  1.00889  7.63294 | 1.00915  0.00003    84559
  737  1.00967  7.63315 | 1.00916  0.00003    84625
  738  1.00943  7.63325 | 1.00916  0.00003    84728
  739  1.00833  7.63331 | 1.00915  0.00003    84713
  740  1.00856  7.63324 | 1.00915  0.00003    84760
  741  1.00824  7.63354 | 1.00915  0.00003    84716
  742  1.00967  7.63317 | 1.00915  0.00003    84781
  743  1.00900  7.63337 | 1.00915  0.00003    84893
  744  1.00830  7.63313 | 1.00915  0.00003    84868
  745  1.00906  7.63323 | 1.00915  0.00003    84983
  746  1.00942  7.63324 | 1.00915  0.00003    85085
  747  1.00939  7.63327 | 1.00915  0.00003    85191
  748  1.00879  7.63320 | 1.00915  0.00003    85282
  749  1.01027  7.63316 | 1.00915  0.00003    85154
  750  1.00845  7.63307 | 1.00915  0.00003    85175
  751  1.00859  7.63338 | 1.00915  0.00003    85230
  752  1.00868  7.63299 | 1.00915  0.00003    85303
  753  1.00919  7.63343 | 1.00915  0.00003    85418
  754  1.00923  7.63353 | 1.00915  0.00003    85533
  755  1.00951  7.63348 | 1.00915  0.00003    85624
  756  1.00974  7.63335 | 1.00915  0.00003    85673
  757  1.00872  7.63337 | 1.00915  0.00003    85752
  758  1.00944  7.63338 | 1.00915  0.00003    85852
  759  1.00900  7.63342 | 1.00915  0.00003    85963
  760  1.01058  7.63351 | 1.00915  0.00003    85681
  761  1.00903  7.63374 | 1.00915  0.00003    85793
  762  1.00908  7.63336 | 1.00915  0.00003    85908
  763  1.00904  7.63320 | 1.00915  0.00003    86020
  764  1.00975  7.63325 | 1.00915  0.00003    86066
  765  1.00928  7.63307 | 1.00915  0.00003    86178
  766  1.00894  7.63329 | 1.00915  0.00003    86284
  767  1.01044  7.63349 | 1.00916  0.00003    86076
  768  1.00885  7.63313 | 1.00916  0.00003    86172
  769  1.01005  7.63354 | 1.00916  0.00003    86131
  770  1.00900  7.63327 | 1.00916  0.00003    86240
  771  1.00856  7.63314 | 1.00916  0.00003    86286
  772  1.00827  7.63330 | 1.00915  0.00003    86247
  773  1.00858  7.63350 | 1.00915  0.00003    86297
  774  1.00963  7.63339 | 1.00915  0.00003    86367
  775  1.00789  7.63344 | 1.00915  0.00003    86175
  776  1.01063  7.63320 | 1.00916  0.00003    85873
  777  1.00856  7.63317 | 1.00915  0.00003    85918
  778  1.00853  7.63329 | 1.00915  0.00003    85955
  779  1.00888  7.63319 | 1.00915  0.00003    86054
  780  1.00857  7.63282 | 1.00915  0.00003    86102
  781  1.00872  7.63356 | 1.00915  0.00003    86179
  782  1.00752  7.63361 | 1.00915  0.00003    85789
  783  1.00917  7.63328 | 1.00915  0.00003    85901
  784  1.00959  7.63298 | 1.00915  0.00003    85977
  785  1.01018  7.63321 | 1.00915  0.00003    85889
  786  1.00991  7.63326 | 1.00915  0.00003    85892
  787  1.00852  7.63342 | 1.00915  0.00003    85927
  788  1.00966  7.63327 | 1.00915  0.00003    85991
  789  1.00850  7.63312 | 1.00915  0.00003    86023
  790  1.00957  7.63309 | 1.00915  0.00003    86102
  791  1.00918  7.63284 | 1.00915  0.00003    86213
  792  1.00898  7.63295 | 1.00915  0.00003    86319
  793  1.01019  7.63281 | 1.00915  0.00003    86228
  794  1.00877  7.63306 | 1.00915  0.00003    86312
  795  1.00929  7.63324 | 1.00915  0.00003    86419
  796  1.00900  7.63284 | 1.00915  0.00003    86526
  797  1.00882  7.63314 | 1.00915  0.00003    86615
  798  1.00846  7.63324 | 1.00915  0.00003    86635
  799  1.00907  7.63329 | 1.00915  0.00003    86745
  800  1.00973  7.63334 | 1.00915  0.00003    86791
  801  1.00952  7.63334 | 1.00915  0.00003    86876
  802  1.00977  7.63310 | 1.00915  0.00003    86914
  803  1.00953  7.63298 | 1.00915  0.00003    86998
  804  1.00883  7.63340 | 1.00915  0.00003    87089
  805  1.00874  7.63316 | 1.00915  0.00003    87167
  806  1.01049  7.63347 | 1.00915  0.00003    86943
  807  1.01014  7.63321 | 1.00916  0.00003    86871
  808  1.00873  7.63307 | 1.00916  0.00003    86946
  809  1.00788  7.63347 | 1.00915  0.00003    86750
  810  1.00853  7.63373 | 1.00915  0.00003    86788
  811  1.00779  7.63373 | 1.00915  0.00003    86550
  812  1.00916  7.63330 | 1.00915  0.00003    86659
  813  1.00849  7.63306 | 1.00915  0.00003    86687
  814  1.00822  7.63361 | 1.00915  0.00003    86636
  815  1.00826  7.63294 | 1.00915  0.00003    86599
  816  1.01037  7.63322 | 1.00915  0.00003    86432
  817  1.00777  7.63344 | 1.00915  0.00003    86190
  818  1.00823  7.63327 | 1.00915  0.00003    86144
  819  1.00840  7.63357 | 1.00915  0.00003    86151
  820  1.00927  7.63305 | 1.00915  0.00003    86255
  821  1.00959  7.63297 | 1.00915  0.00003    86327
  822  1.00968  7.63320 | 1.00915  0.00003    86381
  823  1.00920  7.63331 | 1.00915  0.00003    86488
  824  1.01021  7.63315 | 1.00915  0.00003    86389
  825  1.01002  7.63331 | 1.00915  0.00003    86357
  826  1.00902  7.63300 | 1.00915  0.00003    86461
  827  1.00914  7.63297 | 1.00915  0.00003    86567
  828  1.00940  7.63318 | 1.00915  0.00003    86663
  829  1.01079  7.63253 | 1.00915  0.00003    86284
  830  1.00995  7.63273 | 1.00915  0.00003    86275
  831  1.00924  7.63305 | 1.00915  0.00003    86380
  832  1.01045  7.63311 | 1.00915  0.00003    86184
  833  1.00822  7.63318 | 1.00915  0.00003    86134
  834  1.00967  7.63325 | 1.00915  0.00003    86192
  835  1.00915  7.63350 | 1.00915  0.00003    86297
  836  1.00887  7.63334 | 1.00915  0.00003    86388
  837  1.00810  7.63296 | 1.00915  0.00003    86296
  838  1.00962  7.63341 | 1.00915  0.00003    86363
  839  1.00962  7.63303 | 1.00915  0.00003    86430
  840  1.00899  7.63329 | 1.00915  0.00003    86530
  841  1.01067  7.63355 | 1.00916  0.00003    86226
  842  1.00892  7.63353 | 1.00915  0.00003    86320
  843  1.00943  7.63370 | 1.00916  0.00003    86411
  844  1.00860  7.63371 | 1.00915  0.00003    86461
  845  1.01055  7.63323 | 1.00916  0.00003    86221
  846  1.00994  7.63360 | 1.00916  0.00003    86217
  847  1.00979  7.63360 | 1.00916  0.00003    86250
  848  1.00837  7.63301 | 1.00916  0.00003    86244
  849  1.01075  7.63309 | 1.00916  0.00003    85907
  850  1.00868  7.63269 | 1.00916  0.00003    85970
  851  1.01057  7.63271 | 1.00916  0.00003    85727
  852  1.01042  7.63289 | 1.00916  0.00003    85558
  853  1.00820  7.63295 | 1.00916  0.00003    85501
  854  1.00868  7.63315 | 1.00916  0.00003    85564
  855  1.01018  7.63313 | 1.00916  0.00003    85486
  856  1.00957  7.63298 | 1.00916  0.00003    85560
  857  1.00924  7.63332 | 1.00916  0.00003    85660
  858  1.00918  7.63347 | 1.00916  0.00003    85762
  859  1.00940  7.63329 | 1.00916  0.00003    85855
  860  1.01031  7.63301 | 1.00916  0.00003    85732
  861  1.00834  7.63324 | 1.00916  0.00003    85717
  862  1.00993  7.63366 | 1.00916  0.00003    85718
  863  1.00965  7.63312 | 1.00916  0.00003    85778
  864  1.00974  7.63324 | 1.00916  0.00003    85823
  865  1.00866  7.63299 | 1.00916  0.00003    85880
  866  1.00906  7.63286 | 1.00916  0.00003    85979
  867  1.00960  7.63268 | 1.00916  0.00003    86048
  868  1.00936  7.63300 | 1.00916  0.00003    86142
  869  1.00844  7.63294 | 1.00916  0.00003    86154
  870  1.00720  7.63338 | 1.00916  0.00003    85598
  871  1.00950  7.63298 | 1.00916  0.00003    85679
  872  1.00981  7.63266 | 1.00916  0.00003    85708
  873  1.00839  7.63310 | 1.00916  0.00003    85708
  874  1.00929  7.63311 | 1.00916  0.00003    85805
  875  1.00876  7.63334 | 1.00916  0.00003    85878
  876  1.00797  7.63309 | 1.00916  0.00003    85740
  877  1.00881  7.63297 | 1.00916  0.00003    85819
  878  1.00881  7.63328 | 1.00916  0.00003    85898
  879  1.00930  7.63267 | 1.00916  0.00003    85994
  880  1.01009  7.63299 | 1.00916  0.00003    85949
  881  1.00942  7.63321 | 1.00916  0.00003    86037
  882  1.00976  7.63328 | 1.00916  0.00003    86075
  883  1.00967  7.63385 | 1.00916  0.00003    86132
  884  1.00897  7.63322 | 1.00916  0.00003    86224
  885  1.00893  7.63347 | 1.00916  0.00003    86314
  886  1.00849  7.63303 | 1.00916  0.00003    86338
  887  1.00907  7.63302 | 1.00916  0.00003    86437
  888  1.00804  7.63328 | 1.00916  0.00003    86325
  889  1.00933  7.63330 | 1.00916  0.00003    86419
  890  1.00915  7.63297 | 1.00916  0.00003    86519
  891  1.00858  7.63286 | 1.00916  0.00003    86562
  892  1.00930  7.63317 | 1.00916  0.00003    86657
  893  1.00827  7.63313 | 1.00916  0.00003    86625
  894  1.00875  7.63358 | 1.00916  0.00003    86695
  895  1.00917  7.63355 | 1.00916  0.00003    86794
  896  1.01022  7.63325 | 1.00916  0.00003    86704
  897  1.00991  7.63314 | 1.00916  0.00003    86709
  898  1.00948  7.63314 | 1.00916  0.00003    86790
  899  1.00885  7.63296 | 1.00916  0.00003    86873
  900  1.00901  7.63317 | 1.00916  0.00003    86967
  901  1.00783  7.63343 | 1.00916  0.00003    86770
  902  1.00871  7.63330 | 1.00916  0.00003    86835
  903  1.00859  7.63358 | 1.00916  0.00003    86880
  904  1.00861  7.63310 | 1.00916  0.00003    86928
  905  1.00936  7.63311 | 1.00916  0.00003    87019
  906  1.00886  7.63325 | 1.00916  0.00003    87101
  907  1.00860  7.63343 | 1.00916  0.00003    87148
  908  1.00938  7.63335 | 1.00916  0.00003    87237
  909  1.00894  7.63335 | 1.00916  0.00003    87327
  910  1.00863  7.63327 | 1.00915  0.00003    87378
  911  1.00959  7.63284 | 1.00916  0.00003    87444
  912  1.00963  7.63303 | 1.00916  0.00003    87504
  913  1.01046  7.63265 | 1.00916  0.00003    87319
  914  1.00921  7.63295 | 1.00916  0.00003    87416
  915  1.00817  7.63275 | 1.00916  0.00003    87350
  916  1.00925  7.63297 | 1.00916  0.00003    87445
  917  1.00956  7.63320 | 1.00916  0.00003    87516
  918  1.00929  7.63284 | 1.00916  0.00003    87610
  919  1.00942  7.63314 | 1.00916  0.00003    87696
  920  1.00985  7.63311 | 1.00916  0.00003    87712
  921  1.00933  7.63326 | 1.00916  0.00003    87804
  922  1.01015  7.63305 | 1.00916  0.00003    87736
  923  1.00986  7.63317 | 1.00916  0.00003    87752
  924  1.01019  7.63329 | 1.00916  0.00003    87672
  925  1.00978  7.63272 | 1.00916  0.00003    87705
  926  1.01099  7.63312 | 1.00916  0.00003    87251
  927  1.00740  7.63298 | 1.00916  0.00003    86836
  928  1.00946  7.63310 | 1.00916  0.00003    86916
  929  1.00869  7.63327 | 1.00916  0.00003    86976
  930  1.00958  7.63347 | 1.00916  0.00003    87042
  931  1.00816  7.63327 | 1.00916  0.00003    86975
  932  1.00944  7.63346 | 1.00916  0.00003    87058
  933  1.00971  7.63356 | 1.00916  0.00003    87103
  934  1.00844  7.63327 | 1.00916  0.00003    87113
  935  1.00870  7.63342 | 1.00916  0.00003    87174
  936  1.00837  7.63353 | 1.00916  0.00003    87167
  937  1.00815  7.63328 | 1.00916  0.00003    87095
  938  1.00830  7.63332 | 1.00916  0.00003    87070
  939  1.00830  7.63318 | 1.00916  0.00003    87047
  940  1.00886  7.63346 | 1.00916  0.00003    87126
  941  1.00905  7.63322 | 1.00916  0.00003    87219
  942  1.00964  7.63328 | 1.00916  0.00003    87275
  943  1.00722  7.63333 | 1.00915  0.00003    86765
  944  1.00915  7.63305 | 1.00915  0.00003    86859
  945  1.00970  7.63296 | 1.00916  0.00003    86906
  946  1.00997  7.63293 | 1.00916  0.00003    86893
  947  1.00836  7.63306 | 1.00916  0.00003    86885
  948  1.00975  7.63333 | 1.00916  0.00003    86923
  949  1.00946  7.63300 | 1.00916  0.00003    87001
  950  1.00942  7.63321 | 1.00916  0.00002    87083
  951  1.00921  7.63257 | 1.00916  0.00002    87176
  952  1.00911  7.63304 | 1.00916  0.00002    87269
  953  1.00907  7.63311 | 1.00916  0.00002    87361
  954  1.00950  7.63343 | 1.00916  0.00002    87436
  955  1.00834  7.63280 | 1.00916  0.00002    87422
  956  1.00998  7.63315 | 1.00916  0.00002    87407
  957  1.00858  7.63291 | 1.00916  0.00002    87448
  958  1.01005  7.63348 | 1.00916  0.00002    87414
  959  1.00877  7.63329 | 1.00916  0.00002    87483
  960  1.00918  7.63319 | 1.00916  0.00002    87576
  961  1.00901  7.63346 | 1.00916  0.00002    87665
  962  1.00813  7.63298 | 1.00916  0.00002    87591
  963  1.00894  7.63331 | 1.00916  0.00002    87676
  964  1.00888  7.63294 | 1.00916  0.00002    87756
  965  1.00850  7.63295 | 1.00915  0.00002    87779
  966  1.00785  7.63294 | 1.00915  0.00002    87600
  967  1.00836  7.63316 | 1.00915  0.00002    87592
  968  1.00820  7.63305 | 1.00915  0.00002    87541
  969  1.00913  7.63336 | 1.00915  0.00002    87632
  970  1.00868  7.63334 | 1.00915  0.00002    87689
  971  1.00813  7.63349 | 1.00915  0.00002    87615
  972  1.00977  7.63371 | 1.00915  0.00002    87646
  973  1.00908  7.63335 | 1.00915  0.00002    87737
  974  1.00995  7.63356 | 1.00915  0.00002    87728
  975  1.00865  7.63310 | 1.00915  0.00002    87780
  976  1.00945  7.63330 | 1.00915  0.00002    87857
  977  1.00843  7.63296 | 1.00915  0.00002    87867
  978  1.00869  7.63299 | 1.00915  0.00002    87924
  979  1.00815  7.63270 | 1.00915  0.00002    87858
  980  1.00880  7.63344 | 1.00915  0.00002    87930
  981  1.00929  7.63309 | 1.00915  0.00002    88018
  982  1.00888  7.63325 | 1.00915  0.00002    88098
  983  1.00899  7.63300 | 1.00915  0.00002    88185
  984  1.00843  7.63308 | 1.00915  0.00002    88195
  985  1.00915  7.63350 | 1.00915  0.00002    88287
  986  1.00942  7.63321 | 1.00915  0.00002    88366
  987  1.00939  7.63304 | 1.00915  0.00002    88448
  988  1.00964  7.63296 | 1.00915  0.00002    88500
  989  1.00897  7.63333 | 1.00915  0.00002    88586
  990  1.00839  7.63311 | 1.00915  0.00002    88586
  991  1.00889  7.63304 | 1.00915  0.00002    88666
  992  1.00999  7.63320 | 1.00915  0.00002    88645
  993  1.00834  7.63280 | 1.00915  0.00002    88633
  994  1.00917  7.63376 | 1.00915  0.00002    88724
  995  1.00863  7.63352 | 1.00915  0.00002    88772
  996  1.01144  7.63321 | 1.00915  0.00002    88038
  997  1.00817  7.63301 | 1.00915  0.00002    87979
  998  1.00865  7.63264 | 1.00915  0.00002    88029
  999  1.00920  7.63227 | 1.00915  0.00002    88119
 1000  1.01040  7.63280 | 1.00915  0.00002    87967
 1001  1.00793  7.63300 | 1.00915  0.00002    87828
 1002  1.00859  7.63340 | 1.00915  0.00002    87870
 1003  1.00800  7.63317 | 1.00915  0.00002    87756
 1004  1.00968  7.63304 | 1.00915  0.00002    87801
 1005  1.00924  7.63299 | 1.00915  0.00002    87889
 1006  1.00785  7.63337 | 1.00915  0.00002    87720
 1007  1.00808  7.63284 | 1.00914  0.00002    87636
 1008  1.00949  7.63347 | 1.00914  0.00002    87706
 1009  1.00886  7.63350 | 1.00914  0.00002    87782
 1010  1.00835  7.63354 | 1.00914  0.00002    87775
 1011  1.00818  7.63367 | 1.00914  0.00002    87723
 1012  1.00882  7.63324 | 1.00914  0.00002    87795
 1013  1.00906  7.63297 | 1.00914  0.00002    87882
 1014  1.00876  7.63321 | 1.00914  0.00002    87948
 1015  1.00822  7.63328 | 1.00914  0.00002    87908

 Average k = 1.00914 +/- 0.00002

