 Initial multiplication factor: 1.00439

 Gen   Keff     Entropy
 ----------------------
    1  1.00380  7.64374
    2  1.00631  7.63763
    3  1.00729  7.63516
    4  1.00741  7.63389
    5  1.00903  7.63348
    6  1.00837  7.63314
    7  1.00981  7.63327
    8  1.00958  7.63300
    9  1.00927  7.63277
   10  1.00877  7.63336
   11  1.00873  7.63321
   12  1.00920  7.63301
   13  1.00935  7.63322
   14  1.00956  7.63298
   15  1.00934  7.63259
 --------------------------------------------------
 Gen   Keff     Entropy | Kavg     STD      FOM    
 --------------------------------------------------
   16  1.00884  7.63292
   17  1.01005  7.63285 | 1.00945  0.00060  71413
   18  1.00940  7.63276 | 1.00943  0.00035  142273
   19  1.00872  7.63264 | 1.00925  0.00030  141058
   20  1.00889  7.63274 | 1.00918  0.00025  171708
   21  1.00873  7.63293 | 1.00911  0.00021  189118
   22  1.00776  7.63334 | 1.00891  0.00026  106697
   23  1.01022  7.63256 | 1.00908  0.00028  82338
   24  1.00962  7.63355 | 1.00914  0.00026  88818
   25  1.00874  7.63340 | 1.00910  0.00023  96991
   26  1.00992  7.63308 | 1.00917  0.00022  95774
   27  1.00894  7.63324 | 1.00915  0.00020  104386
   28  1.00918  7.63346 | 1.00915  0.00019  112336
   29  1.00929  7.63309 | 1.00916  0.00017  120536
   30  1.01237  7.63288 | 1.00938  0.00027  47520
   31  1.00958  7.63280 | 1.00939  0.00025  48546
   32  1.00946  7.63294 | 1.00939  0.00024  51979
   33  1.01018  7.63259 | 1.00944  0.00023  53359
   34  1.00982  7.63300 | 1.00946  0.00022  56167
   35  1.00901  7.63324 | 1.00944  0.00021  58725
   36  1.00819  7.63324 | 1.00938  0.00020  56697
   37  1.00975  7.63279 | 1.00939  0.00020  59221
   38  1.00836  7.63341 | 1.00935  0.00019  58765
   39  1.00998  7.63328 | 1.00938  0.00019  60309
   40  1.00956  7.63320 | 1.00938  0.00018  62936
   41  1.00914  7.63312 | 1.00937  0.00017  65454
   42  1.00955  7.63345 | 1.00938  0.00017  66564
   43  1.00888  7.63359 | 1.00936  0.00016  68392
   44  1.00969  7.63307 | 1.00937  0.00016  70690
   45  1.00852  7.63306 | 1.00934  0.00015  70812
   46  1.00894  7.63311 | 1.00933  0.00015  72860
   47  1.00811  7.63333 | 1.00929  0.00015  70390
   48  1.00840  7.63329 | 1.00927  0.00015  70287
   49  1.00940  7.63291 | 1.00927  0.00014  72533
   50  1.00826  7.63317 | 1.00924  0.00014  71659
   51  1.00885  7.63329 | 1.00923  0.00014  73386
   52  1.00892  7.63360 | 1.00922  0.00013  74047
   53  1.01039  7.63334 | 1.00925  0.00013  72178
   54  1.00868  7.63344 | 1.00924  0.00013  73295
   55  1.00825  7.63276 | 1.00921  0.00013  72635
   56  1.01058  7.63283 | 1.00925  0.00013  69793
   57  1.00949  7.63271 | 1.00925  0.00013  71474
   58  1.00974  7.63290 | 1.00926  0.00013  72715
   59  1.00942  7.63321 | 1.00927  0.00012  74472
   60  1.00847  7.63271 | 1.00925  0.00012  74653
   61  1.00802  7.63298 | 1.00922  0.00012  72754
   62  1.01003  7.63313 | 1.00924  0.00012  72945
   63  1.00918  7.63323 | 1.00924  0.00012  74588
   64  1.00871  7.63310 | 1.00923  0.00012  75597
   65  1.00937  7.63332 | 1.00923  0.00011  77221
   66  1.00915  7.63328 | 1.00923  0.00011  78852
   67  1.00961  7.63309 | 1.00924  0.00011  80143
   68  1.00986  7.63335 | 1.00925  0.00011  80800
   69  1.00866  7.63330 | 1.00924  0.00011  81553
   70  1.00774  7.63298 | 1.00921  0.00011  77888
   71  1.00858  7.63269 | 1.00920  0.00011  78509
   72  1.00869  7.63309 | 1.00919  0.00011  79402
   73  1.00963  7.63305 | 1.00920  0.00010  80434
   74  1.00972  7.63324 | 1.00921  0.00010  81279
   75  1.00931  7.63289 | 1.00921  0.00010  82701
   76  1.00960  7.63268 | 1.00921  0.00010  83806
   77  1.00828  7.63330 | 1.00920  0.00010  83246
   78  1.00953  7.63282 | 1.00920  0.00010  84218
   79  1.00860  7.63311 | 1.00920  0.00010  84726
   80  1.00913  7.63301 | 1.00919  0.00009  86110
   81  1.00946  7.63341 | 1.00920  0.00009  87347
   82  1.00807  7.63339 | 1.00918  0.00009  85878
   83  1.00915  7.63346 | 1.00918  0.00009  87228
   84  1.00772  7.63333 | 1.00916  0.00009  83967
   85  1.00951  7.63368 | 1.00917  0.00009  84996
   86  1.00816  7.63346 | 1.00915  0.00009  83508
   87  1.00827  7.63342 | 1.00914  0.00009  83214
   88  1.00944  7.63298 | 1.00914  0.00009  84269
   89  1.00992  7.63304 | 1.00915  0.00009  84317
   90  1.00894  7.63330 | 1.00915  0.00009  85433
   91  1.00852  7.63342 | 1.00914  0.00009  85170
   92  1.00956  7.63309 | 1.00915  0.00009  86019
   93  1.00837  7.63348 | 1.00914  0.00009  86028
   94  1.01027  7.63311 | 1.00915  0.00009  84797
   95  1.00924  7.63351 | 1.00915  0.00009  85919
   96  1.00805  7.63341 | 1.00914  0.00009  84811
   97  1.00909  7.63317 | 1.00914  0.00008  85913
   98  1.01097  7.63307 | 1.00916  0.00009  81292
   99  1.00793  7.63318 | 1.00915  0.00009  79939
  100  1.00865  7.63345 | 1.00914  0.00009  80560
  101  1.00927  7.63310 | 1.00914  0.00008  81535
  102  1.00988  7.63344 | 1.00915  0.00008  81727
  103  1.00887  7.63263 | 1.00915  0.00008  82593
  104  1.00708  7.63313 | 1.00912  0.00009  77348
  105  1.00804  7.63354 | 1.00911  0.00009  76511
  106  1.00784  7.63333 | 1.00910  0.00009  75332
  107  1.00907  7.63316 | 1.00910  0.00008  76205
  108  1.01116  7.63337 | 1.00912  0.00009  72006
  109  1.00899  7.63336 | 1.00912  0.00009  72803
  110  1.00905  7.63354 | 1.00912  0.00008  73610
  111  1.00878  7.63362 | 1.00911  0.00008  74293
  112  1.00910  7.63316 | 1.00911  0.00008  75104
  113  1.00877  7.63359 | 1.00911  0.00008  75782
  114  1.00887  7.63325 | 1.00911  0.00008  76525
  115  1.00879  7.63324 | 1.00910  0.00008  77210
  116  1.00934  7.63324 | 1.00911  0.00008  77952
  117  1.00955  7.63313 | 1.00911  0.00008  78511
  118  1.00722  7.63336 | 1.00909  0.00008  74656
  119  1.00906  7.63320 | 1.00909  0.00008  75418
  120  1.00966  7.63324 | 1.00910  0.00008  75825
  121  1.00881  7.63291 | 1.00910  0.00008  76500
  122  1.00860  7.63282 | 1.00909  0.00008  76981
  123  1.00887  7.63292 | 1.00909  0.00008  77681
  124  1.00988  7.63312 | 1.00910  0.00008  77744
  125  1.00815  7.63287 | 1.00909  0.00008  77512
  126  1.00879  7.63320 | 1.00908  0.00008  78152
  127  1.00965  7.63300 | 1.00909  0.00008  78541
  128  1.00846  7.63308 | 1.00908  0.00007  78839
  129  1.00941  7.63251 | 1.00909  0.00007  79471
  130  1.00968  7.63268 | 1.00909  0.00007  79813
  131  1.00953  7.63348 | 1.00910  0.00007  80327
  132  1.00877  7.63310 | 1.00909  0.00007  80936
  133  1.00817  7.63331 | 1.00909  0.00007  80715
  134  1.00885  7.63298 | 1.00908  0.00007  81368
  135  1.00773  7.63344 | 1.00907  0.00007  80087
  136  1.00956  7.63345 | 1.00908  0.00007  80536
  137  1.00904  7.63344 | 1.00908  0.00007  81233
  138  1.01024  7.63329 | 1.00909  0.00007  80493
  139  1.00793  7.63355 | 1.00908  0.00007  79303
  140  1.00827  7.63328 | 1.00907  0.00007  79306
  141  1.00986  7.63324 | 1.00908  0.00007  79350
  142  1.00892  7.63324 | 1.00907  0.00007  79988
  143  1.00988  7.63299 | 1.00908  0.00007  79998
  144  1.00861  7.63306 | 1.00908  0.00007  79868
  145  1.00733  7.63282 | 1.00906  0.00007  77580
  146  1.00883  7.63302 | 1.00906  0.00007  78158
  147  1.00985  7.63361 | 1.00907  0.00007  78211
  148  1.00844  7.63321 | 1.00906  0.00007  78466
  149  1.00902  7.63276 | 1.00906  0.00007  79086
  150  1.00936  7.63319 | 1.00907  0.00007  79623
  151  1.00821  7.63344 | 1.00906  0.00007  79560
  152  1.00957  7.63325 | 1.00906  0.00007  79928
  153  1.00861  7.63342 | 1.00906  0.00007  80349
  154  1.00861  7.63296 | 1.00906  0.00007  80771
  155  1.00853  7.63344 | 1.00905  0.00007  81121
  156  1.00929  7.63355 | 1.00905  0.00007  81673
  157  1.00728  7.63347 | 1.00904  0.00007  79387
  158  1.00935  7.63329 | 1.00904  0.00007  79892
  159  1.00866  7.63320 | 1.00904  0.00007  80343
  160  1.01073  7.63315 | 1.00905  0.00007  78421
  161  1.00848  7.63308 | 1.00905  0.00007  78706
  162  1.00947  7.63263 | 1.00905  0.00007  79121
  163  1.00939  7.63342 | 1.00905  0.00007  79587
  164  1.00933  7.63344 | 1.00906  0.00006  80086
  165  1.00875  7.63322 | 1.00905  0.00006  80566
  166  1.00767  7.63288 | 1.00904  0.00006  79164
  167  1.00972  7.63320 | 1.00905  0.00006  79336
  168  1.00762  7.63304 | 1.00904  0.00006  78200
  169  1.00883  7.63327 | 1.00904  0.00006  78703
  170  1.01105  7.63316 | 1.00905  0.00007  76078
  171  1.00837  7.63307 | 1.00905  0.00006  76241
  172  1.00918  7.63327 | 1.00905  0.00006  76743
  173  1.00879  7.63324 | 1.00905  0.00006  77204
  174  1.00854  7.63312 | 1.00904  0.00006  75891
  175  1.00926  7.63268 | 1.00904  0.00006  76366
  176  1.01013  7.63292 | 1.00905  0.00006  76006
  177  1.00870  7.63317 | 1.00905  0.00006  76420
  178  1.00911  7.63325 | 1.00905  0.00006  76927
  179  1.00859  7.63380 | 1.00905  0.00006  77275
  180  1.00827  7.63330 | 1.00904  0.00006  77335
  181  1.01039  7.63315 | 1.00905  0.00006  76502
  182  1.00821  7.63333 | 1.00904  0.00006  76479
  183  1.00789  7.63344 | 1.00904  0.00006  76015
  184  1.00862  7.63327 | 1.00904  0.00006  76373
  185  1.00886  7.63305 | 1.00903  0.00006  76775
  186  1.01007  7.63322 | 1.00904  0.00006  76474
  187  1.00815  7.63329 | 1.00904  0.00006  76398
  188  1.00976  7.63316 | 1.00904  0.00006  76495
  189  1.00914  7.63313 | 1.00904  0.00006  76959
  190  1.00927  7.63316 | 1.00904  0.00006  77384
  191  1.01015  7.63310 | 1.00905  0.00006  77003
  192  1.01001  7.63285 | 1.00905  0.00006  76858
  193  1.00931  7.63331 | 1.00905  0.00006  77275
  194  1.00823  7.63355 | 1.00905  0.00006  77160
  195  1.00824  7.63317 | 1.00905  0.00006  77171
  196  1.00990  7.63325 | 1.00905  0.00006  77130
  197  1.01025  7.63314 | 1.00906  0.00006  76631
  198  1.00775  7.63350 | 1.00905  0.00006  75962
  199  1.00969  7.63308 | 1.00905  0.00006  76141
  200  1.00829  7.63359 | 1.00905  0.00006  76204
  201  1.00997  7.63318 | 1.00905  0.00006  76105
  202  1.00830  7.63327 | 1.00905  0.00006  76182
  203  1.00917  7.63316 | 1.00905  0.00006  76258
  204  1.00916  7.63299 | 1.00905  0.00006  76683
  205  1.00913  7.63335 | 1.00905  0.00006  77111
  206  1.00988  7.63345 | 1.00906  0.00006  77104
  207  1.00807  7.63297 | 1.00905  0.00006  76914
  208  1.00733  7.63332 | 1.00904  0.00006  75521
  209  1.00981  7.63298 | 1.00905  0.00006  75581
  210  1.00929  7.63369 | 1.00905  0.00006  75946
  211  1.01028  7.63341 | 1.00905  0.00006  75457
  212  1.00893  7.63321 | 1.00905  0.00006  75856
  213  1.01017  7.63350 | 1.00906  0.00006  75532
  214  1.00897  7.63298 | 1.00906  0.00006  75930
  215  1.00823  7.63301 | 1.00905  0.00006  75930
  216  1.00921  7.63309 | 1.00905  0.00006  76319
  217  1.00954  7.63279 | 1.00906  0.00006  76583
  218  1.00920  7.63298 | 1.00906  0.00006  76978
  219  1.01021  7.63305 | 1.00906  0.00006  76591
  220  1.00900  7.63298 | 1.00906  0.00006  76988
  221  1.00963  7.63297 | 1.00907  0.00006  77197
  222  1.00877  7.63321 | 1.00906  0.00006  77543
  223  1.00994  7.63303 | 1.00907  0.00006  77481
  224  1.01020  7.63250 | 1.00907  0.00006  77128
  225  1.00862  7.63288 | 1.00907  0.00006  77390
  226  1.00941  7.63289 | 1.00907  0.00005  77713
  227  1.00901  7.63290 | 1.00907  0.00005  78074
  228  1.00760  7.63332 | 1.00907  0.00005  77211
  229  1.00918  7.63321 | 1.00907  0.00005  77589
  230  1.00912  7.63296 | 1.00907  0.00005  77971
  231  1.00936  7.63289 | 1.00907  0.00005  78305
  232  1.00848  7.63294 | 1.00907  0.00005  78486
  233  1.01050  7.63304 | 1.00907  0.00005  77702
  234  1.00918  7.63314 | 1.00907  0.00005  78074
  235  1.00951  7.63273 | 1.00907  0.00005  78335
  236  1.01129  7.63272 | 1.00908  0.00005  76027
  237  1.00865  7.63307 | 1.00908  0.00005  76292
  238  1.00997  7.63304 | 1.00909  0.00005  76242
  239  1.00944  7.63296 | 1.00909  0.00005  76540
  240  1.01006  7.63290 | 1.00909  0.00005  76399
  241  1.00918  7.63320 | 1.00909  0.00005  76753
  242  1.00828  7.63332 | 1.00909  0.00005  76763
  243  1.00850  7.63350 | 1.00909  0.00005  76937
  244  1.00864  7.63326 | 1.00908  0.00005  77189
  245  1.00837  7.63341 | 1.00908  0.00005  77276
  246  1.00893  7.63324 | 1.00908  0.00005  77623
  247  1.00894  7.63295 | 1.00908  0.00005  77965
  248  1.00944  7.63324 | 1.00908  0.00005  78250
  249  1.00882  7.63304 | 1.00908  0.00005  78565
  250  1.00994  7.63277 | 1.00908  0.00005  78527
  251  1.00916  7.63314 | 1.00908  0.00005  78876
  252  1.01014  7.63290 | 1.00909  0.00005  78642
  253  1.00984  7.63298 | 1.00909  0.00005  78693
  254  1.00975  7.63287 | 1.00910  0.00005  78811
  255  1.00860  7.63336 | 1.00909  0.00005  79029
  256  1.01005  7.63323 | 1.00910  0.00005  78901
  257  1.01081  7.63289 | 1.00910  0.00005  77749
  258  1.00933  7.63292 | 1.00910  0.00005  78061
  259  1.00896  7.63352 | 1.00910  0.00005  78388
  260  1.00895  7.63305 | 1.00910  0.00005  78716
  261  1.00825  7.63307 | 1.00910  0.00005  78683
  262  1.00969  7.63312 | 1.00910  0.00005  78842
  263  1.00872  7.63325 | 1.00910  0.00005  79103
  264  1.00834  7.63314 | 1.00910  0.00005  79142
  265  1.00969  7.63344 | 1.00910  0.00005  79299
  266  1.00909  7.63349 | 1.00910  0.00005  79633
  267  1.00922  7.63312 | 1.00910  0.00005  79959
  268  1.00877  7.63357 | 1.00910  0.00005  80238
  269  1.01013  7.63305 | 1.00910  0.00005  80035
  270  1.00898  7.63342 | 1.00910  0.00005  80357
  271  1.00777  7.63338 | 1.00910  0.00005  79789
  272  1.00954  7.63341 | 1.00910  0.00005  80021
  273  1.01007  7.63316 | 1.00910  0.00005  79877
  274  1.00887  7.63343 | 1.00910  0.00005  80175
  275  1.00755  7.63324 | 1.00910  0.00005  79317
  276  1.00839  7.63328 | 1.00909  0.00005  79392
  277  1.00767  7.63309 | 1.00909  0.00005  78733
  278  1.00983  7.63304 | 1.00909  0.00005  78785
  279  1.00790  7.63334 | 1.00909  0.00005  78432
  280  1.00923  7.63301 | 1.00909  0.00005  78734
  281  1.00843  7.63366 | 1.00908  0.00005  78845
  282  1.01070  7.63323 | 1.00909  0.00005  77953
  283  1.01013  7.63328 | 1.00909  0.00005  77764
  284  1.00989  7.63376 | 1.00910  0.00005  77782
  285  1.01005  7.63321 | 1.00910  0.00005  77674
  286  1.00872  7.63341 | 1.00910  0.00005  77908
  287  1.01014  7.63308 | 1.00910  0.00005  77728
  288  1.00973  7.63308 | 1.00911  0.00005  77854
  289  1.00963  7.63287 | 1.00911  0.00005  78033
  290  1.00934  7.63319 | 1.00911  0.00005  78309
  291  1.00971  7.63276 | 1.00911  0.00005  78443
  292  1.01009  7.63333 | 1.00911  0.00005  78317
  293  1.00847  7.63330 | 1.00911  0.00005  78428
  294  1.00929  7.63335 | 1.00911  0.00005  78709
  295  1.00919  7.63278 | 1.00911  0.00005  79001
  296  1.00854  7.63326 | 1.00911  0.00005  79147
  297  1.00881  7.63339 | 1.00911  0.00005  79403
  298  1.00923  7.63349 | 1.00911  0.00005  79691
  299  1.01008  7.63284 | 1.00911  0.00005  79524
  300  1.01013  7.63333 | 1.00912  0.00005  79363
  301  1.00858  7.63327 | 1.00912  0.00005  79527
  302  1.00805  7.63323 | 1.00911  0.00005  79318
  303  1.00821  7.63288 | 1.00911  0.00005  79251
  304  1.00922  7.63320 | 1.00911  0.00005  79534
  305  1.00806  7.63311 | 1.00911  0.00005  79344
  306  1.00941  7.63280 | 1.00911  0.00005  79588
  307  1.01085  7.63308 | 1.00911  0.00005  78574
  308  1.00889  7.63348 | 1.00911  0.00005  78833
  309  1.00992  7.63289 | 1.00911  0.00005  78836
  310  1.00774  7.63322 | 1.00911  0.00005  78319
  311  1.00866  7.63331 | 1.00911  0.00005  78512
  312  1.00771  7.63302 | 1.00910  0.00005  77978
  313  1.00896  7.63320 | 1.00910  0.00005  78244
  314  1.00944  7.63309 | 1.00910  0.00005  78470
  315  1.01003  7.63314 | 1.00911  0.00005  78391
  316  1.00894  7.63329 | 1.00911  0.00005  78655
  317  1.00848  7.63308 | 1.00910  0.00005  78767
  318  1.00778  7.63333 | 1.00910  0.00005  78328
  319  1.01002  7.63333 | 1.00910  0.00005  78258
  320  1.00929  7.63326 | 1.00910  0.00005  78515
  321  1.00806  7.63300 | 1.00910  0.00005  78344
  322  1.00828  7.63318 | 1.00910  0.00005  78341
  323  1.00896  7.63341 | 1.00910  0.00005  78600
  324  1.00830  7.63353 | 1.00909  0.00005  78608
  325  1.00951  7.63306 | 1.00910  0.00005  78804
  326  1.00919  7.63312 | 1.00910  0.00005  79067
  327  1.00957  7.63296 | 1.00910  0.00005  79240
  328  1.00934  7.63317 | 1.00910  0.00004  79296
  329  1.00865  7.63345 | 1.00910  0.00004  79478
  330  1.00866  7.63325 | 1.00910  0.00004  79665
  331  1.00947  7.63386 | 1.00910  0.00004  79871
  332  1.00937  7.63343 | 1.00910  0.00004  80104
  333  1.00867  7.63352 | 1.00910  0.00004  80293
  334  1.00854  7.63293 | 1.00909  0.00004  80429
  335  1.00890  7.63328 | 1.00909  0.00004  80636
  336  1.00947  7.63318 | 1.00910  0.00004  80841
  337  1.00997  7.63319 | 1.00910  0.00004  80790
  338  1.01054  7.63315 | 1.00910  0.00004  80213
  339  1.00952  7.63307 | 1.00910  0.00004  80401
  340  1.00889  7.63313 | 1.00910  0.00004  80641
  341  1.00940  7.63341 | 1.00910  0.00004  80864
  342  1.00948  7.63267 | 1.00911  0.00004  81066
  343  1.00856  7.63278 | 1.00910  0.00004  81205
  344  1.00846  7.63330 | 1.00910  0.00004  81296
  345  1.00936  7.63332 | 1.00910  0.00004  81525
  346  1.00861  7.63319 | 1.00910  0.00004  81685
  347  1.00870  7.63312 | 1.00910  0.00004  81878
  348  1.00884  7.63298 | 1.00910  0.00004  82108
  349  1.00906  7.63301 | 1.00910  0.00004  82365
  350  1.00797  7.63323 | 1.00910  0.00004  82109
  351  1.00941  7.63298 | 1.00910  0.00004  82318
  352  1.00901  7.63270 | 1.00910  0.00004  82569
  353  1.00898  7.63272 | 1.00910  0.00004  82819
  354  1.00965  7.63297 | 1.00910  0.00004  82951
  355  1.00939  7.63309 | 1.00910  0.00004  83165
  356  1.01000  7.63311 | 1.00910  0.00004  82262
  357  1.00829  7.63278 | 1.00910  0.00004  82252
  358  1.00968  7.63316 | 1.00910  0.00004  82370
  359  1.00803  7.63339 | 1.00910  0.00004  82168
  360  1.00784  7.63343 | 1.00909  0.00004  81799
  361  1.00906  7.63319 | 1.00909  0.00004  82047
  362  1.00923  7.63342 | 1.00909  0.00004  82288
  363  1.00864  7.63336 | 1.00909  0.00004  82311
  364  1.00873  7.63319 | 1.00909  0.00004  82509
  365  1.00895  7.63297 | 1.00909  0.00004  82749
  366  1.00840  7.63294 | 1.00909  0.00004  82810
  367  1.00938  7.63321 | 1.00909  0.00004  83019
  368  1.00934  7.63311 | 1.00909  0.00004  83241
  369  1.00832  7.63283 | 1.00909  0.00004  83256
  370  1.00904  7.63290 | 1.00909  0.00004  83501
  371  1.00853  7.63262 | 1.00909  0.00004  83626
  372  1.00847  7.63259 | 1.00908  0.00004  83720
  373  1.00980  7.63304 | 1.00909  0.00004  83767
  374  1.00881  7.63343 | 1.00909  0.00004  83981
  375  1.01030  7.63337 | 1.00909  0.00004  83599
  376  1.00913  7.63341 | 1.00909  0.00004  83842
  377  1.00892  7.63326 | 1.00909  0.00004  84081
  378  1.00883  7.63300 | 1.00909  0.00004  84299
  379  1.01011  7.63337 | 1.00909  0.00004  84131
  380  1.00948  7.63356 | 1.00909  0.00004  84314
  381  1.00885  7.63339 | 1.00909  0.00004  84533
  382  1.00983  7.63311 | 1.00909  0.00004  84558
  383  1.00993  7.63313 | 1.00910  0.00004  84525
  384  1.00955  7.63309 | 1.00910  0.00004  84685
  385  1.00829  7.63295 | 1.00910  0.00004  84668
  386  1.00890  7.63358 | 1.00909  0.00004  84728
  387  1.00977  7.63305 | 1.00910  0.00004  84794
  388  1.00983  7.63300 | 1.00910  0.00004  84826
  389  1.00913  7.63361 | 1.00910  0.00004  85064
  390  1.00933  7.63307 | 1.00910  0.00004  85285
  391  1.00916  7.63326 | 1.00910  0.00004  85522
  392  1.00901  7.63307 | 1.00910  0.00004  85758
  393  1.00876  7.63350 | 1.00910  0.00004  85950
  394  1.01026  7.63346 | 1.00910  0.00004  85464
  395  1.00955  7.63373 | 1.00910  0.00004  85622
  396  1.00863  7.63329 | 1.00910  0.00004  85772
  397  1.00872  7.63329 | 1.00910  0.00004  85950
  398  1.00984  7.63329 | 1.00910  0.00004  85977
  399  1.00833  7.63306 | 1.00910  0.00004  85982
  400  1.00923  7.63359 | 1.00910  0.00004  86211
  401  1.00770  7.63368 | 1.00910  0.00004  85690
  402  1.00848  7.63332 | 1.00910  0.00004  85774
  403  1.00789  7.63345 | 1.00909  0.00004  85450
  404  1.00878  7.63313 | 1.00909  0.00004  85642
  405  1.00930  7.63356 | 1.00909  0.00004  85856
  406  1.00904  7.63343 | 1.00909  0.00004  86086
  407  1.00807  7.63320 | 1.00909  0.00004  85922
  408  1.01010  7.63310 | 1.00909  0.00004  85765
  409  1.00858  7.63301 | 1.00909  0.00004  85894
  410  1.00915  7.63345 | 1.00909  0.00004  86122
  411  1.00993  7.63337 | 1.00909  0.00004  86084
  412  1.00931  7.63311 | 1.00909  0.00004  86294
  413  1.00913  7.63306 | 1.00909  0.00004  86522
  414  1.01021  7.63300 | 1.00910  0.00004  86286
  415  1.00948  7.63306 | 1.00910  0.00004  86458
  416  1.00926  7.63309 | 1.00910  0.00004  86675
  417  1.00914  7.63281 | 1.00910  0.00004  86903
  418  1.00895  7.63302 | 1.00910  0.00004  87120
  419  1.00923  7.63291 | 1.00910  0.00004  87340
  420  1.00956  7.63305 | 1.00910  0.00004  87484
  421  1.01002  7.63326 | 1.00910  0.00004  87385
  422  1.00941  7.63319 | 1.00910  0.00004  87574
  423  1.00856  7.63364 | 1.00910  0.00004  87689
  424  1.00925  7.63308 | 1.00910  0.00004  87906
  425  1.00980  7.63322 | 1.00910  0.00004  87947
  426  1.00856  7.63323 | 1.00910  0.00004  88062
  427  1.00934  7.63337 | 1.00910  0.00004  88266
  428  1.00845  7.63335 | 1.00910  0.00004  88330
  429  1.00995  7.63280 | 1.00910  0.00004  88283
  430  1.00946  7.63323 | 1.00910  0.00004  88459
  431  1.00787  7.63301 | 1.00910  0.00004  88109
  432  1.00821  7.63271 | 1.00910  0.00004  87879
  433  1.00918  7.63321 | 1.00910  0.00004  88097
  434  1.00892  7.63332 | 1.00910  0.00004  88306
  435  1.01034  7.63301 | 1.00910  0.00004  87954
  436  1.00896  7.63358 | 1.00910  0.00004  88040
  437  1.00939  7.63386 | 1.00910  0.00004  88080
  438  1.00806  7.63353 | 1.00910  0.00004  87746
  439  1.00782  7.63328 | 1.00910  0.00004  87362
  440  1.00895  7.63303 | 1.00910  0.00004  87572
  441  1.00913  7.63289 | 1.00910  0.00004  87788
  442  1.00904  7.63293 | 1.00909  0.00004  88004
  443  1.01020  7.63312 | 1.00910  0.00004  87776
  444  1.00817  7.63323 | 1.00910  0.00004  87681
  445  1.00913  7.63363 | 1.00910  0.00004  87895
  446  1.01063  7.63341 | 1.00910  0.00004  87262
  447  1.00916  7.63318 | 1.00910  0.00004  87473
  448  1.00801  7.63268 | 1.00910  0.00004  87266
  449  1.00990  7.63325 | 1.00910  0.00004  87252
  450  1.00936  7.63307 | 1.00910  0.00004  87439
  451  1.00901  7.63309 | 1.00910  0.00004  87647
  452  1.00934  7.63331 | 1.00910  0.00004  87838
  453  1.00967  7.63318 | 1.00910  0.00004  87933
  454  1.01024  7.63275 | 1.00910  0.00004  87679
  455  1.00871  7.63303 | 1.00910  0.00004  87833
  456  1.00931  7.63293 | 1.00910  0.00004  88027
  457  1.00878  7.63298 | 1.00910  0.00004  88199
  458  1.00849  7.63339 | 1.00910  0.00004  88275
  459  1.00961  7.63370 | 1.00910  0.00004  88394
  460  1.00824  7.63301 | 1.00910  0.00004  88340
  461  1.00843  7.63337 | 1.00910  0.00004  88387
  462  1.00847  7.63352 | 1.00910  0.00004  88456
  463  1.00995  7.63324 | 1.00910  0.00004  88407
  464  1.00955  7.63330 | 1.00910  0.00004  88542
  465  1.00954  7.63337 | 1.00910  0.00004  88682
  466  1.00995  7.63303 | 1.00910  0.00004  88638
  467  1.00900  7.63306 | 1.00910  0.00004  88852
  468  1.00806  7.63272 | 1.00910  0.00004  88471
  469  1.00804  7.63316 | 1.00910  0.00004  88286
  470  1.00853  7.63378 | 1.00910  0.00004  88377
  471  1.00866  7.63337 | 1.00910  0.00004  88515
  472  1.00905  7.63320 | 1.00910  0.00003  88721
  473  1.00846  7.63333 | 1.00909  0.00003  88784
  474  1.01002  7.63327 | 1.00910  0.00003  88693
  475  1.00854  7.63353 | 1.00910  0.00003  88790
  476  1.01018  7.63309 | 1.00910  0.00003  88587
  477  1.01007  7.63322 | 1.00910  0.00003  88465
  478  1.00852  7.63308 | 1.00910  0.00003  88552
  479  1.00932  7.63355 | 1.00910  0.00003  88736
  480  1.00920  7.63343 | 1.00910  0.00003  88932
  481  1.00788  7.63310 | 1.00910  0.00003  88625
  482  1.00910  7.63311 | 1.00910  0.00003  88824
  483  1.00781  7.63314 | 1.00909  0.00003  88459
  484  1.01005  7.63340 | 1.00910  0.00003  88352
  485  1.00969  7.63346 | 1.00910  0.00003  88431
  486  1.01036  7.63341 | 1.00910  0.00003  88098
  487  1.00740  7.63349 | 1.00910  0.00003  87346
  488  1.00821  7.63314 | 1.00909  0.00003  87285
  489  1.00823  7.63331 | 1.00909  0.00003  87234
  490  1.00877  7.63339 | 1.00909  0.00003  87393
  491  1.00902  7.63338 | 1.00909  0.00003  87584
  492  1.00885  7.63335 | 1.00909  0.00003  87758
  493  1.00867  7.63328 | 1.00909  0.00003  87894
  494  1.00986  7.63297 | 1.00909  0.00003  87896
  495  1.00849  7.63297 | 1.00909  0.00003  87973
  496  1.00859  7.63309 | 1.00909  0.00003  88084
  497  1.00944  7.63335 | 1.00909  0.00003  88237
  498  1.00969  7.63321 | 1.00909  0.00003  88311
  499  1.01032  7.63324 | 1.00909  0.00003  88018
  500  1.00859  7.63343 | 1.00909  0.00003  88126
  501  1.00874  7.63324 | 1.00909  0.00003  88277
  502  1.00906  7.63299 | 1.00909  0.00003  88468
  503  1.00993  7.63304 | 1.00909  0.00003  88434
  504  1.00853  7.63353 | 1.00909  0.00003  88523
  505  1.00953  7.63324 | 1.00909  0.00003  88652
  506  1.00723  7.63305 | 1.00909  0.00003  87733
  507  1.00952  7.63376 | 1.00909  0.00003  87862
  508  1.00976  7.63339 | 1.00909  0.00003  87909
  509  1.00990  7.63336 | 1.00909  0.00003  87889
  510  1.00838  7.63310 | 1.00909  0.00003  87917
  511  1.00858  7.63321 | 1.00909  0.00003  87912
  512  1.00948  7.63326 | 1.00909  0.00003  88050
  513  1.00935  7.63313 | 1.00909  0.00003  88195
  514  1.00995  7.63282 | 1.00909  0.00003  88150
  515  1.00832  7.63253 | 1.00909  0.00003  88146
  516  1.00894  7.63311 | 1.00909  0.00003  88324
  517  1.00797  7.63316 | 1.00909  0.00003  88113
  518  1.00967  7.63288 | 1.00909  0.00003  88192
  519  1.00903  7.63329 | 1.00909  0.00003  88375
  520  1.00946  7.63319 | 1.00909  0.00003  88495
  521  1.00900  7.63280 | 1.00909  0.00003  88675
  522  1.01115  7.63334 | 1.00910  0.00003  87551
  523  1.01018  7.63319 | 1.00910  0.00003  87372
  524  1.00887  7.63340 | 1.00910  0.00003  87536
  525  1.00787  7.63346 | 1.00910  0.00003  87260
  526  1.01032  7.63336 | 1.00910  0.00003  86993
  527  1.01019  7.63334 | 1.00910  0.00003  86816
  528  1.00863  7.63291 | 1.00910  0.00003  86929
  529  1.00946  7.63338 | 1.00910  0.00003  87069
  530  1.00980  7.63268 | 1.00910  0.00003  87101
  531  1.00978  7.63313 | 1.00910  0.00003  87139
  532  1.00928  7.63340 | 1.00910  0.00003  87306
  533  1.00845  7.63380 | 1.00910  0.00003  87355
  534  1.00801  7.63354 | 1.00910  0.00003  87182
  535  1.00826  7.63334 | 1.00910  0.00003  87152
  536  1.00938  7.63295 | 1.00910  0.00003  87305
  537  1.00828  7.63348 | 1.00910  0.00003  87284
  538  1.00818  7.63348 | 1.00909  0.00003  87212
  539  1.00880  7.63359 | 1.00909  0.00003  87361
  540  1.00884  7.63354 | 1.00909  0.00003  87515
  541  1.00877  7.63348 | 1.00909  0.00003  87659
  542  1.00995  7.63314 | 1.00909  0.00003  87619
  543  1.00946  7.63341 | 1.00910  0.00003  87610
  544  1.00776  7.63323 | 1.00909  0.00003  87266
  545  1.00808  7.63284 | 1.00909  0.00003  87141
  546  1.00979  7.63315 | 1.00909  0.00003  87170
  547  1.00861  7.63301 | 1.00909  0.00003  87274
  548  1.00896  7.63336 | 1.00909  0.00003  87440
  549  1.00687  7.63325 | 1.00909  0.00003  86214
  550  1.00913  7.63282 | 1.00909  0.00003  86382
  551  1.00899  7.63278 | 1.00909  0.00003  86548
  552  1.00814  7.63331 | 1.00908  0.00003  86459
  553  1.00874  7.63308 | 1.00908  0.00003  86594
  554  1.00858  7.63394 | 1.00908  0.00003  86700
  555  1.00949  7.63369 | 1.00908  0.00003  86821
  556  1.00804  7.63371 | 1.00908  0.00003  86683
  557  1.00866  7.63335 | 1.00908  0.00003  86800
  558  1.00894  7.63320 | 1.00908  0.00003  86963
  559  1.00949  7.63317 | 1.00908  0.00003  87083
  560  1.00878  7.63295 | 1.00908  0.00003  87224
  561  1.01084  7.63301 | 1.00908  0.00003  86536
  562  1.00921  7.63289 | 1.00908  0.00003  86698
  563  1.00934  7.63323 | 1.00909  0.00003  86847
  564  1.00908  7.63327 | 1.00909  0.00003  86914
  565  1.01004  7.63313 | 1.00909  0.00003  86830
  566  1.00923  7.63350 | 1.00909  0.00003  86989
  567  1.00810  7.63311 | 1.00909  0.00003  86888
  568  1.00935  7.63337 | 1.00909  0.00003  87034
  569  1.00966  7.63327 | 1.00909  0.00003  87107
  570  1.00852  7.63285 | 1.00909  0.00003  87184
  571  1.00978  7.63333 | 1.00909  0.00003  87215
  572  1.00827  7.63313 | 1.00909  0.00003  87199
  573  1.01052  7.63354 | 1.00909  0.00003  86692
  574  1.00840  7.63328 | 1.00909  0.00003  86724
  575  1.00805  7.63324 | 1.00909  0.00003  86597
  576  1.00860  7.63335 | 1.00908  0.00003  86695
  577  1.00835  7.63299 | 1.00908  0.00003  86665
  578  1.00772  7.63338 | 1.00908  0.00003  86332
  579  1.00914  7.63358 | 1.00908  0.00003  86492
  580  1.00892  7.63336 | 1.00908  0.00003  86646
  581  1.00906  7.63299 | 1.00908  0.00003  86806
  582  1.00828  7.63266 | 1.00908  0.00003  86795
  583  1.00801  7.63306 | 1.00908  0.00003  86648
  584  1.00923  7.63339 | 1.00908  0.00003  86802
  585  1.00939  7.63326 | 1.00908  0.00003  86933
  586  1.01052  7.63315 | 1.00908  0.00003  86538
  587  1.00878  7.63344 | 1.00908  0.00003  86674
  588  1.00783  7.63319 | 1.00908  0.00003  86418
  589  1.00819  7.63300 | 1.00908  0.00003  86368
  590  1.01047  7.63307 | 1.00908  0.00003  86023
  591  1.00892  7.63357 | 1.00908  0.00003  86172
  592  1.00888  7.63350 | 1.00908  0.00003  86318
  593  1.00938  7.63320 | 1.00908  0.00003  86452
  594  1.00878  7.63308 | 1.00908  0.00003  86585
  595  1.00825  7.63342 | 1.00908  0.00003  86563
  596  1.00886  7.63295 | 1.00908  0.00003  86707
  597  1.00833  7.63301 | 1.00907  0.00003  86713
  598  1.00812  7.63299 | 1.00907  0.00003  86631
  599  1.00983  7.63309 | 1.00907  0.00003  86639
  600  1.00958  7.63309 | 1.00908  0.00003  86728
  601  1.00938  7.63282 | 1.00908  0.00003  86860
  602  1.01003  7.63295 | 1.00908  0.00003  86778
  603  1.00825  7.63312 | 1.00908  0.00003  86755
  604  1.00795  7.63368 | 1.00907  0.00003  86586
  605  1.00765  7.63340 | 1.00907  0.00003  86220
  606  1.00918  7.63322 | 1.00907  0.00003  86370
  607  1.00818  7.63305 | 1.00907  0.00003  86320
  608  1.00931  7.63309 | 1.00907  0.00003  86459
  609  1.00921  7.63348 | 1.00907  0.00003  86606
  610  1.00898  7.63342 | 1.00907  0.00003  86757
  611  1.00882  7.63299 | 1.00907  0.00003  86894
  612  1.00846  7.63354 | 1.00907  0.00003  86951
  613  1.00979  7.63313 | 1.00907  0.00003  86971
  614  1.00825  7.63348 | 1.00907  0.00003  86952
  615  1.00967  7.63331 | 1.00907  0.00003  87014
  616  1.01069  7.63300 | 1.00907  0.00003  86506
  617  1.00929  7.63305 | 1.00907  0.00003  86644
  618  1.00827  7.63339 | 1.00907  0.00003  86633
  619  1.00953  7.63248 | 1.00907  0.00003  86731
  620  1.00902  7.63298 | 1.00907  0.00003  86880
  621  1.00872  7.63286 | 1.00907  0.00003  86999
  622  1.00990  7.63281 | 1.00907  0.00003  86980
  623  1.00777  7.63368 | 1.00907  0.00003  86622
  624  1.00982  7.63309 | 1.00907  0.00003  86632
  625  1.00848  7.63355 | 1.00907  0.00003  86694
  626  1.01002  7.63318 | 1.00907  0.00003  86621
  627  1.00701  7.63308 | 1.00907  0.00003  85727
  628  1.00908  7.63336 | 1.00907  0.00003  85874
  629  1.00852  7.63373 | 1.00907  0.00003  85914
  630  1.00624  7.63337 | 1.00906  0.00003  84151
  631  1.00773  7.63323 | 1.00906  0.00003  83885
  632  1.00916  7.63355 | 1.00906  0.00003  84025
  633  1.00971  7.63334 | 1.00906  0.00003  84073
  634  1.00859  7.63368 | 1.00906  0.00003  84163
  635  1.00825  7.63338 | 1.00906  0.00003  84155
  636  1.00906  7.63307 | 1.00906  0.00003  84296
  637  1.00897  7.63282 | 1.00906  0.00003  84436
  638  1.00846  7.63315 | 1.00906  0.00003  84496
  639  1.00881  7.63295 | 1.00906  0.00003  84623
  640  1.00959  7.63303 | 1.00906  0.00003  84701
  641  1.00983  7.63349 | 1.00906  0.00003  84705
  642  1.00809  7.63327 | 1.00906  0.00003  84627
  643  1.00856  7.63285 | 1.00906  0.00003  84712
  644  1.00685  7.63300 | 1.00906  0.00003  83745
  645  1.01026  7.63367 | 1.00906  0.00003  83563
  646  1.00807  7.63310 | 1.00906  0.00003  83485
  647  1.00892  7.63336 | 1.00906  0.00003  83618
  648  1.01030  7.63320 | 1.00906  0.00003  83417
  649  1.00970  7.63337 | 1.00906  0.00003  83464
  650  1.00924  7.63296 | 1.00906  0.00003  83594
  651  1.00894  7.63303 | 1.00906  0.00003  83728
  652  1.00936  7.63322 | 1.00906  0.00003  83845
  653  1.00981  7.63346 | 1.00906  0.00003  83858
  654  1.00929  7.63315 | 1.00906  0.00003  83984
  655  1.00901  7.63352 | 1.00906  0.00003  84039
  656  1.00879  7.63355 | 1.00906  0.00003  84159
  657  1.00968  7.63311 | 1.00906  0.00003  84211
  658  1.00924  7.63277 | 1.00906  0.00003  84339
  659  1.00839  7.63302 | 1.00906  0.00003  84374
  660  1.00915  7.63307 | 1.00906  0.00003  84509
  661  1.01077  7.63338 | 1.00906  0.00003  84006
  662  1.00790  7.63335 | 1.00906  0.00003  83768
  663  1.00982  7.63303 | 1.00906  0.00003  83683
  664  1.01007  7.63325 | 1.00906  0.00003  83600
  665  1.00794  7.63286 | 1.00906  0.00003  83462
  666  1.00854  7.63340 | 1.00906  0.00003  83538
  667  1.01006  7.63332 | 1.00906  0.00003  83457
  668  1.00958  7.63290 | 1.00906  0.00003  83533
  669  1.00855  7.63301 | 1.00906  0.00003  83609
  670  1.00855  7.63331 | 1.00906  0.00003  83686
  671  1.00909  7.63322 | 1.00906  0.00003  83819
  672  1.00918  7.63327 | 1.00906  0.00003  83950
  673  1.00907  7.63338 | 1.00906  0.00003  84083
  674  1.00957  7.63321 | 1.00906  0.00003  84162
  675  1.00865  7.63325 | 1.00906  0.00003  84260
  676  1.00867  7.63312 | 1.00906  0.00003  84359
  677  1.00894  7.63338 | 1.00906  0.00003  84489
  678  1.01010  7.63321 | 1.00906  0.00003  84388
  679  1.00828  7.63332 | 1.00906  0.00003  84387
  680  1.00891  7.63312 | 1.00906  0.00003  84515
  681  1.00946  7.63352 | 1.00906  0.00003  84614
  682  1.00827  7.63332 | 1.00906  0.00003  84609
  683  1.00843  7.63335 | 1.00906  0.00003  84655
  684  1.00968  7.63309 | 1.00906  0.00003  84706
  685  1.01030  7.63326 | 1.00906  0.00003  84509
  686  1.01125  7.63302 | 1.00907  0.00003  83627
  687  1.00868  7.63308 | 1.00907  0.00003  83726
  688  1.00941  7.63304 | 1.00907  0.00003  83832
  689  1.00997  7.63322 | 1.00907  0.00003  83793
  690  1.00848  7.63283 | 1.00907  0.00003  83850
  691  1.00944  7.63306 | 1.00907  0.00003  83951
  692  1.00872  7.63323 | 1.00907  0.00003  84056
  693  1.00965  7.63352 | 1.00907  0.00003  84115
  694  1.01032  7.63348 | 1.00907  0.00003  83918
  695  1.01021  7.63328 | 1.00907  0.00003  83778
  696  1.00794  7.63359 | 1.00907  0.00003  83644
  697  1.00976  7.63321 | 1.00907  0.00003  83675
  698  1.00914  7.63302 | 1.00907  0.00003  83803
  699  1.00850  7.63315 | 1.00907  0.00003  83864
  700  1.00928  7.63300 | 1.00907  0.00003  83983
  701  1.00947  7.63326 | 1.00907  0.00003  84078
  702  1.00920  7.63334 | 1.00907  0.00003  84201
  703  1.00835  7.63323 | 1.00907  0.00003  84220
  704  1.00936  7.63309 | 1.00907  0.00003  84328
  705  1.00907  7.63344 | 1.00907  0.00003  84452
  706  1.00782  7.63319 | 1.00907  0.00003  84258
  707  1.00888  7.63286 | 1.00907  0.00003  84378
  708  1.00843  7.63345 | 1.00907  0.00003  84420
  709  1.00970  7.63333 | 1.00907  0.00003  84464
  710  1.00905  7.63303 | 1.00907  0.00003  84590
  711  1.00870  7.63342 | 1.00907  0.00003  84689
  712  1.00961  7.63321 | 1.00907  0.00003  84681
  713  1.00897  7.63324 | 1.00907  0.00003  84805
  714  1.00845  7.63342 | 1.00907  0.00003  84853
  715  1.00879  7.63303 | 1.00907  0.00003  84963
  716  1.00938  7.63314 | 1.00907  0.00003  85070
  717  1.00895  7.63309 | 1.00907  0.00003  85194
  718  1.01027  7.63308 | 1.00907  0.00003  85025
  719  1.00912  7.63347 | 1.00907  0.00003  85150
  720  1.00998  7.63285 | 1.00907  0.00003  85106
  721  1.00923  7.63346 | 1.00907  0.00003  85227
  722  1.00929  7.63345 | 1.00907  0.00003  85342
  723  1.00878  7.63298 | 1.00907  0.00003  85453
  724  1.00926  7.63311 | 1.00907  0.00003  85572
  725  1.00897  7.63306 | 1.00907  0.00003  85696
  726  1.00906  7.63319 | 1.00907  0.00003  85823
  727  1.00920  7.63320 | 1.00907  0.00003  85945
  728  1.00956  7.63295 | 1.00907  0.00003  86022
  729  1.01071  7.63287 | 1.00907  0.00003  85591
  730  1.00884  7.63295 | 1.00907  0.00003  85705
  731  1.00978  7.63256 | 1.00908  0.00003  85728
  732  1.01087  7.63334 | 1.00908  0.00003  85195
  733  1.00851  7.63327 | 1.00908  0.00003  85254
  734  1.00991  7.63307 | 1.00908  0.00003  85237
  735  1.00699  7.63341 | 1.00908  0.00003  84489
  736  1.00952  7.63337 | 1.00908  0.00003  84572
  737  1.00948  7.63353 | 1.00908  0.00003  84660
  738  1.00820  7.63332 | 1.00908  0.00003  84630
  739  1.00768  7.63333 | 1.00907  0.00003  84369
  740  1.01046  7.63311 | 1.00908  0.00003  84116
  741  1.00860  7.63316 | 1.00907  0.00003  84192
  742  1.00833  7.63275 | 1.00907  0.00003  84204
  743  1.01040  7.63293 | 1.00908  0.00003  83982
  744  1.00976  7.63294 | 1.00908  0.00003  84012
  745  1.00916  7.63316 | 1.00908  0.00003  84131
  746  1.00884  7.63317 | 1.00908  0.00003  84240
  747  1.00925  7.63303 | 1.00908  0.00003  84354
  748  1.00991  7.63288 | 1.00908  0.00003  84339
  749  1.00987  7.63308 | 1.00908  0.00003  84339
  750  1.01048  7.63312 | 1.00908  0.00003  84079
  751  1.00915  7.63358 | 1.00908  0.00003  84198
  752  1.00873  7.63305 | 1.00908  0.00003  84293
  753  1.00900  7.63285 | 1.00908  0.00003  84411
  754  1.00865  7.63311 | 1.00908  0.00003  84495
  755  1.00949  7.63320 | 1.00908  0.00003  84582
  756  1.01019  7.63274 | 1.00908  0.00003  84464
  757  1.01089  7.63292 | 1.00908  0.00003  83957
  758  1.01043  7.63306 | 1.00909  0.00003  83734
  759  1.00898  7.63325 | 1.00909  0.00003  83849
  760  1.00928  7.63341 | 1.00909  0.00003  83876
  761  1.00794  7.63357 | 1.00908  0.00003  83676
  762  1.00844  7.63293 | 1.00908  0.00003  83715
  763  1.00829  7.63290 | 1.00908  0.00003  83714
  764  1.00881  7.63338 | 1.00908  0.00003  83816
  765  1.00883  7.63316 | 1.00908  0.00003  83922
  766  1.01021  7.63318 | 1.00908  0.00003  83801
  767  1.00910  7.63295 | 1.00908  0.00003  83848
  768  1.00913  7.63254 | 1.00908  0.00003  83964
  769  1.00987  7.63297 | 1.00908  0.00003  83963
  770  1.00955  7.63332 | 1.00908  0.00003  84039
  771  1.00871  7.63299 | 1.00908  0.00003  84129
  772  1.01039  7.63305 | 1.00909  0.00003  83927
  773  1.00945  7.63299 | 1.00909  0.00003  84018
  774  1.00830  7.63301 | 1.00909  0.00003  84017
  775  1.00999  7.63317 | 1.00909  0.00003  83980
  776  1.00929  7.63328 | 1.00909  0.00003  84088
  777  1.01039  7.63237 | 1.00909  0.00003  83887
  778  1.01062  7.63281 | 1.00909  0.00003  83569
  779  1.00865  7.63285 | 1.00909  0.00003  83648
  780  1.00890  7.63280 | 1.00909  0.00003  83756
  781  1.01086  7.63333 | 1.00909  0.00003  83302
  782  1.00901  7.63312 | 1.00909  0.00003  83349
  783  1.00971  7.63335 | 1.00909  0.00003  83393
  784  1.00970  7.63342 | 1.00909  0.00003  83439
  785  1.00955  7.63335 | 1.00909  0.00003  83514
  786  1.01034  7.63279 | 1.00910  0.00003  83345
  787  1.00956  7.63314 | 1.00910  0.00003  83419
  788  1.00855  7.63372 | 1.00910  0.00003  83477
  789  1.00882  7.63383 | 1.00910  0.00003  83576
  790  1.00946  7.63354 | 1.00910  0.00003  83665
  791  1.00903  7.63308 | 1.00910  0.00003  83776
  792  1.00781  7.63305 | 1.00909  0.00003  83589
  793  1.00838  7.63314 | 1.00909  0.00003  83609
  794  1.00826  7.63327 | 1.00909  0.00003  83598
  795  1.00875  7.63338 | 1.00909  0.00003  83688
  796  1.00892  7.63300 | 1.00909  0.00003  83797
  797  1.00938  7.63308 | 1.00909  0.00003  83894
  798  1.00874  7.63286 | 1.00909  0.00003  83983
  799  1.00859  7.63279 | 1.00909  0.00003  84050
  800  1.00872  7.63334 | 1.00909  0.00003  84137
  801  1.00941  7.63324 | 1.00909  0.00003  84229
  802  1.01024  7.63327 | 1.00909  0.00003  84024
  803  1.00899  7.63334 | 1.00909  0.00003  84134
  804  1.00857  7.63374 | 1.00909  0.00003  84195
  805  1.00875  7.63345 | 1.00909  0.00003  84208
  806  1.00890  7.63298 | 1.00909  0.00003  84312
  807  1.00966  7.63312 | 1.00909  0.00003  84365
  808  1.00919  7.63299 | 1.00909  0.00003  84474
  809  1.01101  7.63310 | 1.00909  0.00003  83928
  810  1.00924  7.63312 | 1.00909  0.00003  84034
  811  1.00876  7.63309 | 1.00909  0.00003  84126
  812  1.00852  7.63328 | 1.00909  0.00003  84178
  813  1.00837  7.63320 | 1.00909  0.00003  84194
  814  1.00934  7.63323 | 1.00909  0.00003  84293
  815  1.00869  7.63298 | 1.00909  0.00003  84375
  816  1.01047  7.63321 | 1.00909  0.00003  84146
  817  1.00820  7.63352 | 1.00909  0.00003  84112
  818  1.00935  7.63325 | 1.00909  0.00003  84210
  819  1.00931  7.63359 | 1.00909  0.00003  84311
  820  1.00829  7.63367 | 1.00909  0.00003  84230
  821  1.00914  7.63347 | 1.00909  0.00003  84339
  822  1.00813  7.63325 | 1.00909  0.00003  84283
  823  1.00774  7.63357 | 1.00909  0.00003  84070
  824  1.00863  7.63336 | 1.00909  0.00003  84140
  825  1.01012  7.63307 | 1.00909  0.00003  83974
  826  1.00861  7.63339 | 1.00909  0.00003  84042
  827  1.00756  7.63298 | 1.00909  0.00003  83744
  828  1.00967  7.63303 | 1.00909  0.00003  83738
  829  1.00916  7.63331 | 1.00909  0.00003  83844
  830  1.00928  7.63329 | 1.00909  0.00003  83941
  831  1.00878  7.63308 | 1.00909  0.00003  84032
  832  1.01023  7.63332 | 1.00909  0.00003  83915
  833  1.00739  7.63281 | 1.00909  0.00003  83524
  834  1.00919  7.63312 | 1.00909  0.00003  83629
  835  1.00814  7.63343 | 1.00909  0.00003  83581
  836  1.00995  7.63329 | 1.00909  0.00003  83562
  837  1.00837  7.63301 | 1.00909  0.00003  83581
  838  1.00759  7.63310 | 1.00908  0.00003  83308
  839  1.00980  7.63330 | 1.00909  0.00003  83329
  840  1.00795  7.63325 | 1.00908  0.00003  83216
  841  1.00964  7.63305 | 1.00908  0.00003  83270
  842  1.00956  7.63296 | 1.00909  0.00003  83337
  843  1.00813  7.63365 | 1.00908  0.00003  83288
  844  1.00938  7.63288 | 1.00908  0.00003  83303
  845  1.00931  7.63387 | 1.00908  0.00003  83399
  846  1.00775  7.63329 | 1.00908  0.00003  83206
  847  1.00955  7.63307 | 1.00908  0.00003  83275
  848  1.00786  7.63345 | 1.00908  0.00003  83130
  849  1.00900  7.63317 | 1.00908  0.00003  83233
  850  1.00895  7.63337 | 1.00908  0.00003  83334
  851  1.00870  7.63328 | 1.00908  0.00003  83414
  852  1.00962  7.63312 | 1.00908  0.00003  83470
  853  1.00846  7.63322 | 1.00908  0.00003  83510
  854  1.00937  7.63321 | 1.00908  0.00003  83601
  855  1.00965  7.63331 | 1.00908  0.00003  83652
  856  1.00913  7.63404 | 1.00908  0.00003  83756
  857  1.00908  7.63297 | 1.00908  0.00003  83860
  858  1.00846  7.63337 | 1.00908  0.00003  83899
  859  1.00969  7.63344 | 1.00908  0.00003  83940
  860  1.00937  7.63301 | 1.00908  0.00003  84030
  861  1.00898  7.63307 | 1.00908  0.00003  84132
  862  1.00923  7.63352 | 1.00908  0.00003  84232
  863  1.00891  7.63356 | 1.00908  0.00003  84331
  864  1.00960  7.63302 | 1.00908  0.00003  84389
  865  1.00898  7.63329 | 1.00908  0.00003  84492
  866  1.01018  7.63279 | 1.00908  0.00003  84394
  867  1.01037  7.63330 | 1.00909  0.00003  84220
  868  1.00964  7.63336 | 1.00909  0.00003  84274
  869  1.00834  7.63332 | 1.00909  0.00003  84286
  870  1.00841  7.63335 | 1.00909  0.00003  84313
  871  1.00857  7.63294 | 1.00908  0.00003  84372
  872  1.00866  7.63319 | 1.00908  0.00003  84446
  873  1.01006  7.63307 | 1.00909  0.00003  84391
  874  1.00897  7.63295 | 1.00909  0.00003  84492
  875  1.00872  7.63302 | 1.00908  0.00003  84572
  876  1.00982  7.63337 | 1.00909  0.00003  84586
  877  1.00897  7.63350 | 1.00909  0.00003  84686
  878  1.00806  7.63305 | 1.00908  0.00003  84613
  879  1.00953  7.63276 | 1.00908  0.00003  84683
  880  1.00956  7.63252 | 1.00909  0.00003  84748
  881  1.00912  7.63285 | 1.00909  0.00003  84850
  882  1.00961  7.63303 | 1.00909  0.00003  84907
  883  1.00729  7.63333 | 1.00908  0.00003  84453
  884  1.00833  7.63324 | 1.00908  0.00003  84462
  885  1.00917  7.63323 | 1.00908  0.00003  84561
  886  1.00886  7.63274 | 1.00908  0.00003  84655
  887  1.00950  7.63288 | 1.00908  0.00003  84728
  888  1.00912  7.63287 | 1.00908  0.00003  84829
  889  1.00827  7.63362 | 1.00908  0.00003  84821
  890  1.00991  7.63359 | 1.00908  0.00003  84808
  891  1.00891  7.63366 | 1.00908  0.00003  84904
  892  1.00716  7.63304 | 1.00908  0.00003  84399
  893  1.00895  7.63354 | 1.00908  0.00003  84496
  894  1.01019  7.63312 | 1.00908  0.00003  84396
  895  1.00964  7.63341 | 1.00908  0.00003  84445
  896  1.00887  7.63328 | 1.00908  0.00003  84538
  897  1.00806  7.63287 | 1.00908  0.00003  84468
  898  1.00746  7.63354 | 1.00908  0.00003  84142
  899  1.00822  7.63319 | 1.00908  0.00003  84123
  900  1.00898  7.63332 | 1.00908  0.00003  84221
  901  1.00929  7.63382 | 1.00908  0.00003  84313
  902  1.00911  7.63344 | 1.00908  0.00003  84411
  903  1.00776  7.63322 | 1.00908  0.00003  84232
  904  1.00896  7.63325 | 1.00908  0.00003  84329
  905  1.00946  7.63296 | 1.00908  0.00003  84404
  906  1.00865  7.63302 | 1.00908  0.00003  84474
  907  1.00871  7.63278 | 1.00908  0.00003  84551
  908  1.00931  7.63289 | 1.00908  0.00003  84641
  909  1.00958  7.63262 | 1.00908  0.00003  84699
  910  1.00903  7.63318 | 1.00908  0.00003  84798
  911  1.00951  7.63342 | 1.00908  0.00003  84867
  912  1.00930  7.63350 | 1.00908  0.00003  84958
  913  1.01031  7.63334 | 1.00908  0.00003  84811
  914  1.00972  7.63294 | 1.00908  0.00003  84845
  915  1.00812  7.63288 | 1.00908  0.00003  84796
  916  1.00930  7.63329 | 1.00908  0.00003  84886
  917  1.01017  7.63306 | 1.00908  0.00003  84795
  918  1.00883  7.63348 | 1.00908  0.00003  84873
  919  1.00988  7.63294 | 1.00908  0.00003  84870
  920  1.00812  7.63340 | 1.00908  0.00003  84761
  921  1.00791  7.63343 | 1.00908  0.00003  84642
  922  1.00989  7.63353 | 1.00908  0.00003  84636
  923  1.00970  7.63369 | 1.00908  0.00003  84672
  924  1.00920  7.63311 | 1.00908  0.00003  84767
  925  1.00886  7.63323 | 1.00908  0.00003  84857
  926  1.00961  7.63297 | 1.00908  0.00003  84909
  927  1.00891  7.63307 | 1.00908  0.00003  85002
  928  1.00940  7.63323 | 1.00908  0.00003  85083
  929  1.00893  7.63318 | 1.00908  0.00003  85176
  930  1.00884  7.63329 | 1.00908  0.00003  85264
  931  1.00872  7.63338 | 1.00908  0.00003  85340
  932  1.01027  7.63329 | 1.00908  0.00003  85213
  933  1.00806  7.63264 | 1.00908  0.00003  85144
  934  1.00921  7.63309 | 1.00908  0.00003  85238
  935  1.00781  7.63302 | 1.00908  0.00003  85079
  936  1.00950  7.63319 | 1.00908  0.00003  85148
  937  1.00873  7.63343 | 1.00908  0.00003  85225
  938  1.00804  7.63300 | 1.00908  0.00003  85151
  939  1.01002  7.63313 | 1.00908  0.00003  85107
  940  1.00904  7.63291 | 1.00908  0.00003  85203
  941  1.01009  7.63299 | 1.00908  0.00003  85139
  942  1.00893  7.63288 | 1.00908  0.00003  85231
  943  1.00950  7.63300 | 1.00908  0.00003  85300
  944  1.00782  7.63324 | 1.00908  0.00003  85148
  945  1.01029  7.63315 | 1.00908  0.00003  85017
  946  1.00851  7.63327 | 1.00908  0.00003  85062
  947  1.01042  7.63295 | 1.00908  0.00003  84878
  948  1.00776  7.63344 | 1.00908  0.00003  84704
  949  1.00893  7.63305 | 1.00908  0.00003  84796
  950  1.00961  7.63330 | 1.00908  0.00003  84847
  951  1.00929  7.63371 | 1.00908  0.00003  84936
  952  1.00967  7.63339 | 1.00908  0.00003  84976
  953  1.00867  7.63334 | 1.00908  0.00003  85044
  954  1.00832  7.63320 | 1.00908  0.00003  85049
  955  1.00834  7.63327 | 1.00908  0.00003  85059
  956  1.00993  7.63335 | 1.00908  0.00003  85042
  957  1.00819  7.63319 | 1.00908  0.00003  85014
  958  1.00985  7.63282 | 1.00908  0.00002  85017
  959  1.00907  7.63307 | 1.00908  0.00002  85109
  960  1.00870  7.63289 | 1.00908  0.00002  85180
  961  1.00931  7.63340 | 1.00908  0.00002  85266
  962  1.00998  7.63352 | 1.00908  0.00002  85237
  963  1.01007  7.63337 | 1.00908  0.00002  85181
  964  1.00847  7.63334 | 1.00908  0.00002  85217
  965  1.00899  7.63341 | 1.00908  0.00002  85309
  966  1.00966  7.63347 | 1.00908  0.00002  85350
  967  1.00937  7.63311 | 1.00908  0.00002  85431
  968  1.00880  7.63320 | 1.00908  0.00002  85513
  969  1.00884  7.63336 | 1.00908  0.00002  85597
  970  1.00895  7.63353 | 1.00908  0.00002  85688
  971  1.00892  7.63298 | 1.00908  0.00002  85778
  972  1.01038  7.63314 | 1.00908  0.00002  85611
  973  1.00943  7.63349 | 1.00908  0.00002  85686
  974  1.00823  7.63309 | 1.00908  0.00002  85668
  975  1.00939  7.63340 | 1.00908  0.00002  85747
  976  1.00941  7.63286 | 1.00908  0.00002  85823
  977  1.00935  7.63305 | 1.00908  0.00002  85905
  978  1.00904  7.63314 | 1.00908  0.00002  85998
  979  1.00790  7.63293 | 1.00908  0.00002  85877
  980  1.00954  7.63296 | 1.00908  0.00002  85938
  981  1.00922  7.63325 | 1.00908  0.00002  86028
  982  1.00888  7.63287 | 1.00908  0.00002  86114
  983  1.00888  7.63328 | 1.00908  0.00002  86200
  984  1.00767  7.63338 | 1.00908  0.00002  85989
  985  1.00989  7.63310 | 1.00908  0.00002  85982
  986  1.00951  7.63341 | 1.00908  0.00002  86047
  987  1.00864  7.63283 | 1.00908  0.00002  86109
  988  1.00934  7.63334 | 1.00908  0.00002  86191
  989  1.00969  7.63324 | 1.00908  0.00002  86226
  990  1.00948  7.63340 | 1.00908  0.00002  86294
  991  1.00923  7.63329 | 1.00908  0.00002  86383
  992  1.00842  7.63338 | 1.00908  0.00002  86408
  993  1.01175  7.63322 | 1.00908  0.00002  85431
  994  1.01000  7.63289 | 1.00909  0.00002  85397
  995  1.00969  7.63306 | 1.00909  0.00002  85434
  996  1.00913  7.63286 | 1.00909  0.00002  85524
  997  1.00877  7.63341 | 1.00909  0.00002  85600
  998  1.00788  7.63345 | 1.00908  0.00002  85476
  999  1.01008  7.63321 | 1.00909  0.00002  85419
 1000  1.00820  7.63350 | 1.00908  0.00002  85392
 1001  1.00888  7.63333 | 1.00908  0.00002  85476
 1002  1.00893  7.63364 | 1.00908  0.00002  85563
 1003  1.00785  7.63311 | 1.00908  0.00002  85362
 1004  1.01009  7.63341 | 1.00908  0.00002  85301
 1005  1.00823  7.63308 | 1.00908  0.00002  85283
 1006  1.00637  7.63326 | 1.00908  0.00002  84302
 1007  1.00975  7.63304 | 1.00908  0.00002  84326
 1008  1.00827  7.63315 | 1.00908  0.00002  84322
 1009  1.01033  7.63318 | 1.00908  0.00002  84189
 1010  1.00895  7.63372 | 1.00908  0.00002  84274
 1011  1.01079  7.63333 | 1.00908  0.00002  83948
 1012  1.00959  7.63302 | 1.00908  0.00002  83999
 1013  1.00933  7.63331 | 1.00908  0.00002  84078
 1014  1.00950  7.63389 | 1.00908  0.00002  84141
 1015  1.00923  7.63349 | 1.00908  0.00002  84225

 Average k = 1.00908 +/- 0.00002
